Stay,Price (2 adults/night),Check_in,Check_out,Score,Stars,Address,Reviews,Overall,Link
Grand Fusion Point Hotel,1053000,"Mon, Oct 6","Tue, Oct 7",8.7,3,Hue,115,Excellent,https://www.booking.com/hotel/vn/fusion-point-grand.html?label=gen173nr-10CAEoggI46AdIM1gEaPQBiAEBmAEzuAEXyAEM2AED6AEB-AEBiAIBqAIBuAK78OPGBsACAdICJDg2NTdiNzM2LTFhYTYtNDAzNC1hZmUyLWRiYzA1ZDFiZDJlN9gCAeACAQ&aid=304142&ucfs=1&arphpl=1&checkin=2025-10-06&checkout=2025-10-07&dest_id=-3715887&dest_type=city&group_adults=2&req_adults=2&no_rooms=1&group_children=0&req_children=0&hpos=1&hapos=1&sr_order=popularity&srpvid=7ee339dd707602b5&srepoch=1759479419&all_sr_blocks=1449714201_417973518_2_0_0_1172564&highlighted_blocks=1449714201_417973518_2_0_0_1172564&matching_block_id=1449714201_417973518_2_0_0_1172564&sr_pri_blocks=1449714201_417973518_2_0_0_1172564_28431000&from=searchresults
Hue Serene Palace Hotel,1800000,"Mon, Oct 6","Tue, Oct 7",9.3,3,Hue,2734,Wonderful,https://www.booking.com/hotel/vn/hue-serene-palace.html?label=gen173nr-10CAEoggI46AdIM1gEaPQBiAEBmAEzuAEXyAEM2AED6AEB-AEBiAIBqAIBuAK78OPGBsACAdICJDg2NTdiNzM2LTFhYTYtNDAzNC1hZmUyLWRiYzA1ZDFiZDJlN9gCAeACAQ&aid=304142&ucfs=1&arphpl=1&checkin=2025-10-06&checkout=2025-10-07&dest_id=-3715887&dest_type=city&group_adults=2&req_adults=2&no_rooms=1&group_children=0&req_children=0&hpos=2&hapos=2&sr_order=popularity&srpvid=7ee339dd707602b5&srepoch=1759479419&all_sr_blocks=58296101_392954062_0_1_0&highlighted_blocks=58296101_392954062_0_1_0&matching_block_id=58296101_392954062_0_1_0&sr_pri_blocks=58296101_392954062_0_1_0__79200000&from=searchresults
Yên Riverside Villa - Homestay Huế,4500000,"Mon, Oct 6","Tue, Oct 7",,0,Hue,,N/A,https://www.booking.com/hotel/vn/yen-riverside-villa-homestay-hue.html?label=gen173nr-10CAEoggI46AdIM1gEaPQBiAEBmAEzuAEXyAEM2AED6AEB-AEBiAIBqAIBuAK78OPGBsACAdICJDg2NTdiNzM2LTFhYTYtNDAzNC1hZmUyLWRiYzA1ZDFiZDJlN9gCAeACAQ&aid=304142&ucfs=1&arphpl=1&checkin=2025-10-06&checkout=2025-10-07&dest_id=-3715887&dest_type=city&group_adults=2&req_adults=2&no_rooms=1&group_children=0&req_children=0&hpos=3&hapos=3&sr_order=popularity&srpvid=7ee339dd707602b5&srepoch=1759479419&all_sr_blocks=1478862601_420234358_10_0_0&highlighted_blocks=1478862601_420234358_10_0_0&matching_block_id=1478862601_420234358_10_0_0&sr_pri_blocks=1478862601_420234358_10_0_0__450000000&from=searchresults
Tâm Homestay,250000,"Mon, Oct 13","Tue, Oct 14",9.6,4,Hue,1428,Exceptional,https://www.booking.com/hotel/vn/tam-homestay-hue.html?label=gen173nr-10CAEoggI46AdIM1gEaPQBiAEBmAEzuAEXyAEM2AED6AEB-AEBiAIBqAIBuAK78OPGBsACAdICJDg2NTdiNzM2LTFhYTYtNDAzNC1hZmUyLWRiYzA1ZDFiZDJlN9gCAeACAQ&aid=304142&ucfs=1&arphpl=1&checkin=2025-10-13&checkout=2025-10-14&dest_id=-3715887&dest_type=city&group_adults=2&req_adults=2&no_rooms=1&group_children=0&req_children=0&hpos=4&hapos=4&sr_order=popularity&srpvid=7ee339dd707602b5&srepoch=1759479419&all_sr_blocks=516383802_384825005_0_2_0&highlighted_blocks=516383802_384825005_0_2_0&matching_block_id=516383802_384825005_0_2_0&sr_pri_blocks=516383802_384825005_0_2_0__25000000&from=searchresults
Êm Villa 8 Bedrooms with Swimming Pool,5000000,"Mon, Oct 27","Tue, Oct 28",,0,Hue,,N/A,https://www.booking.com/hotel/vn/em-villa-khai-dinh.html?label=gen173nr-10CAEoggI46AdIM1gEaPQBiAEBmAEzuAEXyAEM2AED6AEB-AEBiAIBqAIBuAK78OPGBsACAdICJDg2NTdiNzM2LTFhYTYtNDAzNC1hZmUyLWRiYzA1ZDFiZDJlN9gCAeACAQ&aid=304142&ucfs=1&arphpl=1&checkin=2025-10-27&checkout=2025-10-28&dest_id=-3715887&dest_type=city&group_adults=2&req_adults=2&no_rooms=1&group_children=0&req_children=0&hpos=5&hapos=5&sr_order=popularity&srpvid=7ee339dd707602b5&srepoch=1759479419&all_sr_blocks=1084267302_381333515_10_0_0&highlighted_blocks=1084267302_381333515_10_0_0&matching_block_id=1084267302_381333515_10_0_0&sr_pri_blocks=1084267302_381333515_10_0_0__500000000&from=searchresults
Vina Vintage Hotel,313082,"Mon, Oct 13","Tue, Oct 14",9.7,3,Hue,3,Exceptional,https://www.booking.com/hotel/vn/vina-vintage.html?label=gen173nr-10CAEoggI46AdIM1gEaPQBiAEBmAEzuAEXyAEM2AED6AEB-AEBiAIBqAIBuAK78OPGBsACAdICJDg2NTdiNzM2LTFhYTYtNDAzNC1hZmUyLWRiYzA1ZDFiZDJlN9gCAeACAQ&aid=304142&ucfs=1&arphpl=1&checkin=2025-10-13&checkout=2025-10-14&dest_id=-3715887&dest_type=city&group_adults=2&req_adults=2&no_rooms=1&group_children=0&req_children=0&hpos=6&hapos=6&sr_order=popularity&srpvid=7ee339dd707602b5&srepoch=1759479419&all_sr_blocks=0_0_2_0_0&highlighted_blocks=0_0_2_0_0&matching_block_id=0_0_2_0_0&sr_pri_blocks=0_0_2_0_0__31308192&from=searchresults
Melia Vinpearl Hue,150000,"Mon, Oct 6","Tue, Oct 7",9.4,5,Hue,3922,Wonderful,https://www.booking.com/hotel/vn/melia-vinpearl-hue-hotel.html?label=gen173nr-10CAEoggI46AdIM1gEaPQBiAEBmAEzuAEXyAEM2AED6AEB-AEBiAIBqAIBuAK78OPGBsACAdICJDg2NTdiNzM2LTFhYTYtNDAzNC1hZmUyLWRiYzA1ZDFiZDJlN9gCAeACAQ&aid=304142&ucfs=1&arphpl=1&checkin=2025-10-06&checkout=2025-10-07&dest_id=-3715887&dest_type=city&group_adults=2&req_adults=2&no_rooms=1&group_children=0&req_children=0&hpos=7&hapos=7&sr_order=popularity&srpvid=7ee339dd707602b5&srepoch=1759479419&all_sr_blocks=399089426_358174191_2_2_0_1195102&highlighted_blocks=399089426_358174191_2_2_0_1195102&matching_block_id=399089426_358174191_2_2_0_1195102&sr_pri_blocks=399089426_358174191_2_2_0_1195102_197660600&from=searchresults
Stop and Go Boutique Homestay Hue,580000,"Mon, Oct 6","Tue, Oct 7",9.0,0,Hue,312,Wonderful,https://www.booking.com/hotel/vn/stop-and-go-boutique-homestay-hue.html?label=gen173nr-10CAEoggI46AdIM1gEaPQBiAEBmAEzuAEXyAEM2AED6AEB-AEBiAIBqAIBuAK78OPGBsACAdICJDg2NTdiNzM2LTFhYTYtNDAzNC1hZmUyLWRiYzA1ZDFiZDJlN9gCAeACAQ&aid=304142&ucfs=1&arphpl=1&checkin=2025-10-06&checkout=2025-10-07&dest_id=-3715887&dest_type=city&group_adults=2&req_adults=2&no_rooms=1&group_children=0&req_children=0&hpos=8&hapos=8&sr_order=popularity&srpvid=7ee339dd707602b5&srepoch=1759479419&all_sr_blocks=323706902_262089864_2_2_0&highlighted_blocks=323706902_262089864_2_2_0&matching_block_id=323706902_262089864_2_2_0&sr_pri_blocks=323706902_262089864_2_2_0__34800000&from=searchresults
Rosaleen Boutique Hotel,2835000,"Mon, Oct 6","Tue, Oct 7",8.7,3,Hue,1688,Excellent,https://www.booking.com/hotel/vn/new-star.html?label=gen173nr-10CAEoggI46AdIM1gEaPQBiAEBmAEzuAEXyAEM2AED6AEB-AEBiAIBqAIBuAK78OPGBsACAdICJDg2NTdiNzM2LTFhYTYtNDAzNC1hZmUyLWRiYzA1ZDFiZDJlN9gCAeACAQ&aid=304142&ucfs=1&arphpl=1&checkin=2025-10-06&checkout=2025-10-07&dest_id=-3715887&dest_type=city&group_adults=2&req_adults=2&no_rooms=1&group_children=0&req_children=0&hpos=9&hapos=9&sr_order=popularity&srpvid=7ee339dd707602b5&srepoch=1759479419&all_sr_blocks=24601815_130043269_0_41_0_235683&highlighted_blocks=24601815_130043269_0_41_0_235683&matching_block_id=24601815_130043269_0_41_0_235683&sr_pri_blocks=24601815_130043269_0_41_0_235683_93555000&from=searchresults
Jade Scene Hotel,1886700,"Mon, Oct 6","Tue, Oct 7",9.2,3,Hue,3200,Wonderful,https://www.booking.com/hotel/vn/jade-scene.html?label=gen173nr-10CAEoggI46AdIM1gEaPQBiAEBmAEzuAEXyAEM2AED6AEB-AEBiAIBqAIBuAK78OPGBsACAdICJDg2NTdiNzM2LTFhYTYtNDAzNC1hZmUyLWRiYzA1ZDFiZDJlN9gCAeACAQ&aid=304142&ucfs=1&arphpl=1&checkin=2025-10-06&checkout=2025-10-07&dest_id=-3715887&dest_type=city&group_adults=2&req_adults=2&no_rooms=1&group_children=0&req_children=0&hpos=10&hapos=10&sr_order=popularity&srpvid=7ee339dd707602b5&srepoch=1759479419&all_sr_blocks=809350702_342536147_0_1_0_567992&highlighted_blocks=809350702_342536147_0_1_0_567992&matching_block_id=809350702_342536147_0_1_0_567992&sr_pri_blocks=809350702_342536147_0_1_0_567992_86788200&from=searchresults
SOL Center Hotel,1980000,"Mon, Oct 6","Tue, Oct 7",9.0,3,Hue,127,Wonderful,https://www.booking.com/hotel/vn/sol-center.html?label=gen173nr-10CAEoggI46AdIM1gEaPQBiAEBmAEzuAEXyAEM2AED6AEB-AEBiAIBqAIBuAK78OPGBsACAdICJDg2NTdiNzM2LTFhYTYtNDAzNC1hZmUyLWRiYzA1ZDFiZDJlN9gCAeACAQ&aid=304142&ucfs=1&arphpl=1&checkin=2025-10-06&checkout=2025-10-07&dest_id=-3715887&dest_type=city&group_adults=2&req_adults=2&no_rooms=1&group_children=0&req_children=0&hpos=11&hapos=11&sr_order=popularity&srpvid=7ee339dd707602b5&srepoch=1759479419&all_sr_blocks=1438264403_417427571_0_0_0_1172561&highlighted_blocks=1438264403_417427571_0_0_0_1172561&matching_block_id=1438264403_417427571_0_0_0_1172561&sr_pri_blocks=1438264403_417427571_0_0_0_1172561_43560000&from=searchresults
Thanh Lich Royal Boutique,1296677,"Mon, Oct 6","Tue, Oct 7",9.1,4,Hue,2670,Wonderful,https://www.booking.com/hotel/vn/khach-san-thanh-lich.html?label=gen173nr-10CAEoggI46AdIM1gEaPQBiAEBmAEzuAEXyAEM2AED6AEB-AEBiAIBqAIBuAK78OPGBsACAdICJDg2NTdiNzM2LTFhYTYtNDAzNC1hZmUyLWRiYzA1ZDFiZDJlN9gCAeACAQ&aid=304142&ucfs=1&arphpl=1&checkin=2025-10-06&checkout=2025-10-07&dest_id=-3715887&dest_type=city&group_adults=2&req_adults=2&no_rooms=1&group_children=0&req_children=0&hpos=12&hapos=12&sr_order=popularity&srpvid=7ee339dd707602b5&srepoch=1759479419&all_sr_blocks=100613208_0_2_1_0&highlighted_blocks=100613208_0_2_1_0&matching_block_id=100613208_0_2_1_0&sr_pri_blocks=100613208_0_2_1_0__129667656&from=searchresults
KLy Apartment Hotel,900000,"Mon, Oct 6","Tue, Oct 7",8.1,3,Hue,1028,Very Good,https://www.booking.com/hotel/vn/meta-apartment.html?label=gen173nr-10CAEoggI46AdIM1gEaPQBiAEBmAEzuAEXyAEM2AED6AEB-AEBiAIBqAIBuAK78OPGBsACAdICJDg2NTdiNzM2LTFhYTYtNDAzNC1hZmUyLWRiYzA1ZDFiZDJlN9gCAeACAQ&aid=304142&ucfs=1&arphpl=1&checkin=2025-10-06&checkout=2025-10-07&dest_id=-3715887&dest_type=city&group_adults=2&req_adults=2&no_rooms=1&group_children=0&req_children=0&hpos=13&hapos=13&sr_order=popularity&srpvid=7ee339dd707602b5&srepoch=1759479419&all_sr_blocks=822401504_395605669_2_0_0_516094&highlighted_blocks=822401504_395605669_2_0_0_516094&matching_block_id=822401504_395605669_2_0_0_516094&sr_pri_blocks=822401504_395605669_2_0_0_516094_40500000&from=searchresults
Lavande Hue Homestay,585000,"Mon, Oct 13","Tue, Oct 14",9.5,3,Hue,220,Exceptional,https://www.booking.com/hotel/vn/lavande-hue-homestay.html?label=gen173nr-10CAEoggI46AdIM1gEaPQBiAEBmAEzuAEXyAEM2AED6AEB-AEBiAIBqAIBuAK78OPGBsACAdICJDg2NTdiNzM2LTFhYTYtNDAzNC1hZmUyLWRiYzA1ZDFiZDJlN9gCAeACAQ&aid=304142&ucfs=1&arphpl=1&checkin=2025-10-13&checkout=2025-10-14&dest_id=-3715887&dest_type=city&group_adults=2&req_adults=2&no_rooms=1&group_children=0&req_children=0&hpos=14&hapos=14&sr_order=popularity&srpvid=7ee339dd707602b5&srepoch=1759479419&all_sr_blocks=1372814501_409456217_2_2_0&highlighted_blocks=1372814501_409456217_2_2_0&matching_block_id=1372814501_409456217_2_2_0&sr_pri_blocks=1372814501_409456217_2_2_0__43875000&from=searchresults
SEVEN HOMESTAY(HUE),295000,"Mon, Oct 6","Tue, Oct 7",9.1,0,Hue,369,Wonderful,https://www.booking.com/hotel/vn/seven-homestay-hue.html?label=gen173nr-10CAEoggI46AdIM1gEaPQBiAEBmAEzuAEXyAEM2AED6AEB-AEBiAIBqAIBuAK78OPGBsACAdICJDg2NTdiNzM2LTFhYTYtNDAzNC1hZmUyLWRiYzA1ZDFiZDJlN9gCAeACAQ&aid=304142&ucfs=1&arphpl=1&checkin=2025-10-06&checkout=2025-10-07&dest_id=-3715887&dest_type=city&group_adults=2&req_adults=2&no_rooms=1&group_children=0&req_children=0&hpos=15&hapos=15&sr_order=popularity&srpvid=7ee339dd707602b5&srepoch=1759479419&all_sr_blocks=1073934601_379942839_2_1_0&highlighted_blocks=1073934601_379942839_2_1_0&matching_block_id=1073934601_379942839_2_1_0&sr_pri_blocks=1073934601_379942839_2_1_0__29500000&from=searchresults
The ORCHID PREMIUM Hotel,691103,"Mon, Oct 6","Tue, Oct 7",9.3,3,Hue,300,Wonderful,https://www.booking.com/hotel/vn/the-orchid-premium.html?label=gen173nr-10CAEoggI46AdIM1gEaPQBiAEBmAEzuAEXyAEM2AED6AEB-AEBiAIBqAIBuAK78OPGBsACAdICJDg2NTdiNzM2LTFhYTYtNDAzNC1hZmUyLWRiYzA1ZDFiZDJlN9gCAeACAQ&aid=304142&ucfs=1&arphpl=1&checkin=2025-10-06&checkout=2025-10-07&dest_id=-3715887&dest_type=city&group_adults=2&req_adults=2&no_rooms=1&group_children=0&req_children=0&hpos=16&hapos=16&sr_order=popularity&srpvid=7ee339dd707602b5&srepoch=1759479419&all_sr_blocks=1292192601_0_2_1_0&highlighted_blocks=1292192601_0_2_1_0&matching_block_id=1292192601_0_2_1_0&sr_pri_blocks=1292192601_0_2_1_0__69110327&from=searchresults
Jade Hotel,1400000,"Mon, Oct 6","Tue, Oct 7",8.9,3,Hue,882,Excellent,https://www.booking.com/hotel/vn/jade-hue.html?label=gen173nr-10CAEoggI46AdIM1gEaPQBiAEBmAEzuAEXyAEM2AED6AEB-AEBiAIBqAIBuAK78OPGBsACAdICJDg2NTdiNzM2LTFhYTYtNDAzNC1hZmUyLWRiYzA1ZDFiZDJlN9gCAeACAQ&aid=304142&ucfs=1&arphpl=1&checkin=2025-10-06&checkout=2025-10-07&dest_id=-3715887&dest_type=city&group_adults=2&req_adults=2&no_rooms=1&group_children=0&req_children=0&hpos=17&hapos=17&sr_order=popularity&srpvid=7ee339dd707602b5&srepoch=1759479419&all_sr_blocks=135666301_196392526_2_1_0&highlighted_blocks=135666301_196392526_2_1_0&matching_block_id=135666301_196392526_2_1_0&sr_pri_blocks=135666301_196392526_2_1_0__61600000&from=searchresults
Hue Ecolodge,979371,"Mon, Oct 6","Tue, Oct 7",8.9,4,Hue,484,Excellent,https://www.booking.com/hotel/vn/hue-ecolodge.html?label=gen173nr-10CAEoggI46AdIM1gEaPQBiAEBmAEzuAEXyAEM2AED6AEB-AEBiAIBqAIBuAK78OPGBsACAdICJDg2NTdiNzM2LTFhYTYtNDAzNC1hZmUyLWRiYzA1ZDFiZDJlN9gCAeACAQ&aid=304142&ucfs=1&arphpl=1&checkin=2025-10-06&checkout=2025-10-07&dest_id=-3715887&dest_type=city&group_adults=2&req_adults=2&no_rooms=1&group_children=0&req_children=0&hpos=18&hapos=18&sr_order=popularity&srpvid=7ee339dd707602b5&srepoch=1759479419&all_sr_blocks=0_0_2_1_0&highlighted_blocks=0_0_2_1_0&matching_block_id=0_0_2_1_0&sr_pri_blocks=0_0_2_1_0__97937094&from=searchresults
KLY Boutique Hotel Hue,820000,"Mon, Oct 6","Tue, Oct 7",8.2,4,Hue,439,Very Good,https://www.booking.com/hotel/vn/boutique-hue.html?label=gen173nr-10CAEoggI46AdIM1gEaPQBiAEBmAEzuAEXyAEM2AED6AEB-AEBiAIBqAIBuAK78OPGBsACAdICJDg2NTdiNzM2LTFhYTYtNDAzNC1hZmUyLWRiYzA1ZDFiZDJlN9gCAeACAQ&aid=304142&ucfs=1&arphpl=1&checkin=2025-10-06&checkout=2025-10-07&dest_id=-3715887&dest_type=city&group_adults=2&req_adults=2&no_rooms=1&group_children=0&req_children=0&hpos=19&hapos=19&sr_order=popularity&srpvid=7ee339dd707602b5&srepoch=1759479419&all_sr_blocks=1190908006_391411630_2_0_0_411851&highlighted_blocks=1190908006_391411630_2_0_0_411851&matching_block_id=1190908006_391411630_2_0_0_411851&sr_pri_blocks=1190908006_391411630_2_0_0_411851_41000000&from=searchresults
Su'e homestay,886667,"Mon, Oct 6","Tue, Oct 7",9.5,3,Hue,87,Exceptional,https://www.booking.com/hotel/vn/su-homestay-thanh-pho-hue.html?label=gen173nr-10CAEoggI46AdIM1gEaPQBiAEBmAEzuAEXyAEM2AED6AEB-AEBiAIBqAIBuAK78OPGBsACAdICJDg2NTdiNzM2LTFhYTYtNDAzNC1hZmUyLWRiYzA1ZDFiZDJlN9gCAeACAQ&aid=304142&ucfs=1&arphpl=1&checkin=2025-10-06&checkout=2025-10-07&dest_id=-3715887&dest_type=city&group_adults=2&req_adults=2&no_rooms=1&group_children=0&req_children=0&hpos=20&hapos=20&sr_order=popularity&srpvid=7ee339dd707602b5&srepoch=1759479419&all_sr_blocks=1334695501_405953430_2_0_0&highlighted_blocks=1334695501_405953430_2_0_0&matching_block_id=1334695501_405953430_2_0_0&sr_pri_blocks=1334695501_405953430_2_0_0__44333400&from=searchresults
Hue Nino Hotel,1262626,"Mon, Oct 6","Tue, Oct 7",9.0,2,Hue,1782,Wonderful,https://www.booking.com/hotel/vn/hue-nino.html?label=gen173nr-10CAEoggI46AdIM1gEaPQBiAEBmAEzuAEXyAEM2AED6AEB-AEBiAIBqAIBuAK78OPGBsACAdICJDg2NTdiNzM2LTFhYTYtNDAzNC1hZmUyLWRiYzA1ZDFiZDJlN9gCAeACAQ&aid=304142&ucfs=1&arphpl=1&checkin=2025-10-06&checkout=2025-10-07&dest_id=-3715887&dest_type=city&group_adults=2&req_adults=2&no_rooms=1&group_children=0&req_children=0&hpos=21&hapos=21&sr_order=popularity&srpvid=7ee339dd707602b5&srepoch=1759479419&all_sr_blocks=26418122_402114923_0_1_0_743246&highlighted_blocks=26418122_402114923_0_1_0_743246&matching_block_id=26418122_402114923_0_1_0_743246&sr_pri_blocks=26418122_402114923_0_1_0_743246_51767700&from=searchresults
Tâm Family Homestay-Huế,314402,"Mon, Oct 6","Tue, Oct 7",9.5,0,Hue,338,Exceptional,https://www.booking.com/hotel/vn/my-home-hue.html?label=gen173nr-10CAEoggI46AdIM1gEaPQBiAEBmAEzuAEXyAEM2AED6AEB-AEBiAIBqAIBuAK78OPGBsACAdICJDg2NTdiNzM2LTFhYTYtNDAzNC1hZmUyLWRiYzA1ZDFiZDJlN9gCAeACAQ&aid=304142&ucfs=1&arphpl=1&checkin=2025-10-06&checkout=2025-10-07&dest_id=-3715887&dest_type=city&group_adults=2&req_adults=2&no_rooms=1&group_children=0&req_children=0&hpos=22&hapos=22&sr_order=popularity&srpvid=7ee339dd707602b5&srepoch=1759479419&all_sr_blocks=1002193315_0_2_0_0&highlighted_blocks=1002193315_0_2_0_0&matching_block_id=1002193315_0_2_0_0&sr_pri_blocks=1002193315_0_2_0_0__31440183&from=searchresults
HueNam Residence,1572500,"Mon, Oct 6","Tue, Oct 7",9.8,0,Hue,155,Exceptional,https://www.booking.com/hotel/vn/huenam-residence.html?label=gen173nr-10CAEoggI46AdIM1gEaPQBiAEBmAEzuAEXyAEM2AED6AEB-AEBiAIBqAIBuAK78OPGBsACAdICJDg2NTdiNzM2LTFhYTYtNDAzNC1hZmUyLWRiYzA1ZDFiZDJlN9gCAeACAQ&aid=304142&ucfs=1&arphpl=1&checkin=2025-10-06&checkout=2025-10-07&dest_id=-3715887&dest_type=city&group_adults=2&req_adults=2&no_rooms=1&group_children=0&req_children=0&hpos=23&hapos=23&sr_order=popularity&srpvid=7ee339dd707602b5&srepoch=1759479419&all_sr_blocks=1002682901_376386882_2_41_0&highlighted_blocks=1002682901_376386882_2_41_0&matching_block_id=1002682901_376386882_2_41_0&sr_pri_blocks=1002682901_376386882_2_41_0__94350000&from=searchresults
SOLEIL HOSTEL,380000,"Mon, Oct 6","Tue, Oct 7",8.6,4,Hue,236,Excellent,https://www.booking.com/hotel/vn/soleil-hostel.html?label=gen173nr-10CAEoggI46AdIM1gEaPQBiAEBmAEzuAEXyAEM2AED6AEB-AEBiAIBqAIBuAK78OPGBsACAdICJDg2NTdiNzM2LTFhYTYtNDAzNC1hZmUyLWRiYzA1ZDFiZDJlN9gCAeACAQ&aid=304142&ucfs=1&arphpl=1&checkin=2025-10-06&checkout=2025-10-07&dest_id=-3715887&dest_type=city&group_adults=2&req_adults=2&no_rooms=1&group_children=0&req_children=0&hpos=24&hapos=24&sr_order=popularity&srpvid=7ee339dd707602b5&srepoch=1759479419&all_sr_blocks=417195916_406139408_2_1_0&highlighted_blocks=417195916_406139408_2_1_0&matching_block_id=417195916_406139408_2_1_0&sr_pri_blocks=417195916_406139408_2_1_0__38000000&from=searchresults
Golden Glow Hue City,1053000,"Mon, Oct 6","Tue, Oct 7",,0,Hue,3,Exceptional,https://www.booking.com/hotel/vn/golden-glow-hue-city.html?label=gen173nr-10CAEoggI46AdIM1gEaPQBiAEBmAEzuAEXyAEM2AED6AEB-AEBiAIBqAIBuAK78OPGBsACAdICJDg2NTdiNzM2LTFhYTYtNDAzNC1hZmUyLWRiYzA1ZDFiZDJlN9gCAeACAQ&aid=304142&ucfs=1&arphpl=1&checkin=2025-10-06&checkout=2025-10-07&dest_id=-3715887&dest_type=city&group_adults=2&req_adults=2&no_rooms=1&group_children=0&req_children=0&hpos=25&hapos=25&sr_order=popularity&srpvid=7ee339dd707602b5&srepoch=1759479419&all_sr_blocks=1500232104_421694453_2_0_0&highlighted_blocks=1500232104_421694453_2_0_0&matching_block_id=1500232104_421694453_2_0_0&sr_pri_blocks=1500232104_421694453_2_0_0__42120000&from=searchresults
Lemi - Homestay in Hue,875000,"Mon, Oct 13","Tue, Oct 14",9.3,4,Hue,566,Wonderful,https://www.booking.com/hotel/vn/lemi-thanh-pho-hue1.html?label=gen173nr-10CAEoggI46AdIM1gEaPQBiAEBmAEzuAEXyAEM2AED6AEB-AEBiAIBqAIBuAK78OPGBsACAdICJDg2NTdiNzM2LTFhYTYtNDAzNC1hZmUyLWRiYzA1ZDFiZDJlN9gCAeACAQ&aid=304142&ucfs=1&arphpl=1&checkin=2025-10-13&checkout=2025-10-14&dest_id=-3715887&dest_type=city&group_adults=2&req_adults=2&no_rooms=1&group_children=0&req_children=0&hpos=1&hapos=26&sr_order=popularity&srpvid=7ee339dd707602b5&srepoch=1759479235&all_sr_blocks=1127753902_385416367_2_0_0_396800&highlighted_blocks=1127753902_385416367_2_0_0_396800&matching_block_id=1127753902_385416367_2_0_0_396800&sr_pri_blocks=1127753902_385416367_2_0_0_396800_42875000&from=searchresults
THẢO AN HOTEL Huế,320000,"Mon, Oct 6","Tue, Oct 7",8.4,2,Hue,189,Very Good,https://www.booking.com/hotel/vn/thao-an-thanh-pho-hue.html?label=gen173nr-10CAEoggI46AdIM1gEaPQBiAEBmAEzuAEXyAEM2AED6AEB-AEBiAIBqAIBuAK78OPGBsACAdICJDg2NTdiNzM2LTFhYTYtNDAzNC1hZmUyLWRiYzA1ZDFiZDJlN9gCAeACAQ&aid=304142&ucfs=1&arphpl=1&checkin=2025-10-06&checkout=2025-10-07&dest_id=-3715887&dest_type=city&group_adults=2&req_adults=2&no_rooms=1&group_children=0&req_children=0&hpos=2&hapos=27&sr_order=popularity&srpvid=7ee339dd707602b5&srepoch=1759479235&all_sr_blocks=699091202_378427277_4_0_0&highlighted_blocks=699091202_378427277_4_0_0&matching_block_id=699091202_378427277_4_0_0&sr_pri_blocks=699091202_378427277_4_0_0__32000000&from=searchresults
Le Petit Homestay,400000,"Mon, Oct 6","Tue, Oct 7",9.1,0,Hue,17,Wonderful,https://www.booking.com/hotel/vn/le-petit-homestay-thanh-pho-hue2.html?label=gen173nr-10CAEoggI46AdIM1gEaPQBiAEBmAEzuAEXyAEM2AED6AEB-AEBiAIBqAIBuAK78OPGBsACAdICJDg2NTdiNzM2LTFhYTYtNDAzNC1hZmUyLWRiYzA1ZDFiZDJlN9gCAeACAQ&aid=304142&ucfs=1&arphpl=1&checkin=2025-10-06&checkout=2025-10-07&dest_id=-3715887&dest_type=city&group_adults=2&req_adults=2&no_rooms=1&group_children=0&req_children=0&hpos=3&hapos=28&sr_order=popularity&srpvid=7ee339dd707602b5&srepoch=1759479235&all_sr_blocks=1087144601_382195037_2_0_0&highlighted_blocks=1087144601_382195037_2_0_0&matching_block_id=1087144601_382195037_2_0_0&sr_pri_blocks=1087144601_382195037_2_0_0__40000000&from=searchresults
Amy 2 Hostel Hue,570000,"Mon, Oct 6","Tue, Oct 7",8.5,0,Hue,774,Very Good,https://www.booking.com/hotel/vn/amy2hostel.html?label=gen173nr-10CAEoggI46AdIM1gEaPQBiAEBmAEzuAEXyAEM2AED6AEB-AEBiAIBqAIBuAK78OPGBsACAdICJDg2NTdiNzM2LTFhYTYtNDAzNC1hZmUyLWRiYzA1ZDFiZDJlN9gCAeACAQ&aid=304142&ucfs=1&arphpl=1&checkin=2025-10-06&checkout=2025-10-07&dest_id=-3715887&dest_type=city&group_adults=2&req_adults=2&no_rooms=1&group_children=0&req_children=0&hpos=4&hapos=29&sr_order=popularity&srpvid=7ee339dd707602b5&srepoch=1759479235&all_sr_blocks=275637917_121942710_0_0_0&highlighted_blocks=275637917_121942710_0_0_0&matching_block_id=275637917_121942710_0_0_0&sr_pri_blocks=275637917_121942710_0_0_0__37050000&from=searchresults
Mộc Hương Residences & Herb,444454,"Mon, Oct 6","Tue, Oct 7",9.0,3,Hue,10,Wonderful,https://www.booking.com/hotel/vn/moc-huong-motel.html?label=gen173nr-10CAEoggI46AdIM1gEaPQBiAEBmAEzuAEXyAEM2AED6AEB-AEBiAIBqAIBuAK78OPGBsACAdICJDg2NTdiNzM2LTFhYTYtNDAzNC1hZmUyLWRiYzA1ZDFiZDJlN9gCAeACAQ&aid=304142&ucfs=1&arphpl=1&checkin=2025-10-06&checkout=2025-10-07&dest_id=-3715887&dest_type=city&group_adults=2&req_adults=2&no_rooms=1&group_children=0&req_children=0&hpos=5&hapos=30&sr_order=popularity&srpvid=7ee339dd707602b5&srepoch=1759479235&all_sr_blocks=1376271602_411570384_0_0_0&highlighted_blocks=1376271602_411570384_0_0_0&matching_block_id=1376271602_411570384_0_0_0&sr_pri_blocks=1376271602_411570384_0_0_0__22222700&from=searchresults
White Lotus Hue Hotel,1168910,"Mon, Oct 6","Tue, Oct 7",9.1,4,Hue,1630,Wonderful,https://www.booking.com/hotel/vn/white-lotus-amp-convention-center-hue.html?label=gen173nr-10CAEoggI46AdIM1gEaPQBiAEBmAEzuAEXyAEM2AED6AEB-AEBiAIBqAIBuAK78OPGBsACAdICJDg2NTdiNzM2LTFhYTYtNDAzNC1hZmUyLWRiYzA1ZDFiZDJlN9gCAeACAQ&aid=304142&ucfs=1&arphpl=1&checkin=2025-10-06&checkout=2025-10-07&dest_id=-3715887&dest_type=city&group_adults=2&req_adults=2&no_rooms=1&group_children=0&req_children=0&hpos=6&hapos=31&sr_order=popularity&srpvid=7ee339dd707602b5&srepoch=1759479235&all_sr_blocks=634134001_0_2_1_0&highlighted_blocks=634134001_0_2_1_0&matching_block_id=634134001_0_2_1_0&sr_pri_blocks=634134001_0_2_1_0__116890957&from=searchresults
"Kobi Onsen Resort Hue, Affiliated by Melia",1700000,"Mon, Nov 24","Tue, Nov 25",9.0,5,Hue,289,Wonderful,https://www.booking.com/hotel/vn/kobi-onsen-resort-hue.html?label=gen173nr-10CAEoggI46AdIM1gEaPQBiAEBmAEzuAEXyAEM2AED6AEB-AEBiAIBqAIBuAK78OPGBsACAdICJDg2NTdiNzM2LTFhYTYtNDAzNC1hZmUyLWRiYzA1ZDFiZDJlN9gCAeACAQ&aid=304142&ucfs=1&arphpl=1&checkin=2025-11-24&checkout=2025-11-25&dest_id=-3715887&dest_type=city&group_adults=2&req_adults=2&no_rooms=1&group_children=0&req_children=0&hpos=7&hapos=32&sr_order=popularity&srpvid=7ee339dd707602b5&srepoch=1759479235&all_sr_blocks=651524960_418859639_2_2_0_925285&highlighted_blocks=651524960_418859639_2_2_0_925285&matching_block_id=651524960_418859639_2_2_0_925285&sr_pri_blocks=651524960_418859639_2_2_0_925285_127500000&from=searchresults
Chi Homestay #4,500000,"Mon, Oct 6","Tue, Oct 7",9.8,0,Hue,718,Exceptional,https://www.booking.com/hotel/vn/chi-homestay-4.html?label=gen173nr-10CAEoggI46AdIM1gEaPQBiAEBmAEzuAEXyAEM2AED6AEB-AEBiAIBqAIBuAK78OPGBsACAdICJDg2NTdiNzM2LTFhYTYtNDAzNC1hZmUyLWRiYzA1ZDFiZDJlN9gCAeACAQ&aid=304142&ucfs=1&arphpl=1&checkin=2025-10-06&checkout=2025-10-07&dest_id=-3715887&dest_type=city&group_adults=2&req_adults=2&no_rooms=1&group_children=0&req_children=0&hpos=8&hapos=33&sr_order=popularity&srpvid=7ee339dd707602b5&srepoch=1759479235&all_sr_blocks=498105003_167864178_2_0_0&highlighted_blocks=498105003_167864178_2_0_0&matching_block_id=498105003_167864178_2_0_0&sr_pri_blocks=498105003_167864178_2_0_0__50000000&from=searchresults
Life Boutique Hotel,509000,"Mon, Oct 6","Tue, Oct 7",8.7,3,Hue,180,Excellent,https://www.booking.com/hotel/vn/life-boutique.html?label=gen173nr-10CAEoggI46AdIM1gEaPQBiAEBmAEzuAEXyAEM2AED6AEB-AEBiAIBqAIBuAK78OPGBsACAdICJDg2NTdiNzM2LTFhYTYtNDAzNC1hZmUyLWRiYzA1ZDFiZDJlN9gCAeACAQ&aid=304142&ucfs=1&arphpl=1&checkin=2025-10-06&checkout=2025-10-07&dest_id=-3715887&dest_type=city&group_adults=2&req_adults=2&no_rooms=1&group_children=0&req_children=0&hpos=9&hapos=34&sr_order=popularity&srpvid=7ee339dd707602b5&srepoch=1759479235&all_sr_blocks=701075101_304559397_2_2_0&highlighted_blocks=701075101_304559397_2_2_0&matching_block_id=701075101_304559397_2_2_0&sr_pri_blocks=701075101_304559397_2_2_0__50900000&from=searchresults
BIG Hotel Huế,980000,"Mon, Oct 6","Tue, Oct 7",8.5,0,Hue,96,Very Good,https://www.booking.com/hotel/vn/big-hue-luxury.html?label=gen173nr-10CAEoggI46AdIM1gEaPQBiAEBmAEzuAEXyAEM2AED6AEB-AEBiAIBqAIBuAK78OPGBsACAdICJDg2NTdiNzM2LTFhYTYtNDAzNC1hZmUyLWRiYzA1ZDFiZDJlN9gCAeACAQ&aid=304142&ucfs=1&arphpl=1&checkin=2025-10-06&checkout=2025-10-07&dest_id=-3715887&dest_type=city&group_adults=2&req_adults=2&no_rooms=1&group_children=0&req_children=0&hpos=10&hapos=35&sr_order=popularity&srpvid=7ee339dd707602b5&srepoch=1759479235&all_sr_blocks=1085987801_381542482_2_0_0&highlighted_blocks=1085987801_381542482_2_0_0&matching_block_id=1085987801_381542482_2_0_0&sr_pri_blocks=1085987801_381542482_2_0_0__44100000&from=searchresults
Le Petit Homestay 2,400000,"Mon, Oct 6","Tue, Oct 7",9.1,0,Hue,50,Wonderful,https://www.booking.com/hotel/vn/le-petit-homestay-2-thanh-pho-hue.html?label=gen173nr-10CAEoggI46AdIM1gEaPQBiAEBmAEzuAEXyAEM2AED6AEB-AEBiAIBqAIBuAK78OPGBsACAdICJDg2NTdiNzM2LTFhYTYtNDAzNC1hZmUyLWRiYzA1ZDFiZDJlN9gCAeACAQ&aid=304142&ucfs=1&arphpl=1&checkin=2025-10-06&checkout=2025-10-07&dest_id=-3715887&dest_type=city&group_adults=2&req_adults=2&no_rooms=1&group_children=0&req_children=0&hpos=11&hapos=36&sr_order=popularity&srpvid=7ee339dd707602b5&srepoch=1759479235&all_sr_blocks=1139537402_386840758_0_0_0&highlighted_blocks=1139537402_386840758_0_0_0&matching_block_id=1139537402_386840758_0_0_0&sr_pri_blocks=1139537402_386840758_0_0_0__40000000&from=searchresults
Hue River Side Villa,1250000,"Mon, Oct 6","Tue, Oct 7",9.6,4,Hue,946,Exceptional,https://www.booking.com/hotel/vn/hue-river-side-villa.html?label=gen173nr-10CAEoggI46AdIM1gEaPQBiAEBmAEzuAEXyAEM2AED6AEB-AEBiAIBqAIBuAK78OPGBsACAdICJDg2NTdiNzM2LTFhYTYtNDAzNC1hZmUyLWRiYzA1ZDFiZDJlN9gCAeACAQ&aid=304142&ucfs=1&arphpl=1&checkin=2025-10-06&checkout=2025-10-07&dest_id=-3715887&dest_type=city&group_adults=2&req_adults=2&no_rooms=1&group_children=0&req_children=0&hpos=12&hapos=37&sr_order=popularity&srpvid=7ee339dd707602b5&srepoch=1759479235&all_sr_blocks=213027202_272394979_0_1_0&highlighted_blocks=213027202_272394979_0_1_0&matching_block_id=213027202_272394979_0_1_0&sr_pri_blocks=213027202_272394979_0_1_0__100000000&from=searchresults
Boom Casa Homestay,450000,"Mon, Oct 6","Tue, Oct 7",8.9,3,Hue,213,Excellent,https://www.booking.com/hotel/vn/boom-casa-homestay.html?label=gen173nr-10CAEoggI46AdIM1gEaPQBiAEBmAEzuAEXyAEM2AED6AEB-AEBiAIBqAIBuAK78OPGBsACAdICJDg2NTdiNzM2LTFhYTYtNDAzNC1hZmUyLWRiYzA1ZDFiZDJlN9gCAeACAQ&aid=304142&ucfs=1&arphpl=1&checkin=2025-10-06&checkout=2025-10-07&dest_id=-3715887&dest_type=city&group_adults=2&req_adults=2&no_rooms=1&group_children=0&req_children=0&hpos=13&hapos=38&sr_order=popularity&srpvid=7ee339dd707602b5&srepoch=1759479235&all_sr_blocks=1043745501_413021644_2_0_0&highlighted_blocks=1043745501_413021644_2_0_0&matching_block_id=1043745501_413021644_2_0_0&sr_pri_blocks=1043745501_413021644_2_0_0__45000000&from=searchresults
Pilgrimage Village Boutique Resort & Spa,3656700,"Mon, Oct 6","Tue, Oct 7",9.5,5,Hue,2582,Exceptional,https://www.booking.com/hotel/vn/pilgrimage-village-hue-boutique-resort-spa.html?label=gen173nr-10CAEoggI46AdIM1gEaPQBiAEBmAEzuAEXyAEM2AED6AEB-AEBiAIBqAIBuAK78OPGBsACAdICJDg2NTdiNzM2LTFhYTYtNDAzNC1hZmUyLWRiYzA1ZDFiZDJlN9gCAeACAQ&aid=304142&ucfs=1&arphpl=1&checkin=2025-10-06&checkout=2025-10-07&dest_id=-3715887&dest_type=city&group_adults=2&req_adults=2&no_rooms=1&group_children=0&req_children=0&hpos=14&hapos=39&sr_order=popularity&srpvid=7ee339dd707602b5&srepoch=1759479235&all_sr_blocks=23512863_412826605_2_34_0_1143376&highlighted_blocks=23512863_412826605_2_34_0_1143376&matching_block_id=23512863_412826605_2_34_0_1143376&sr_pri_blocks=23512863_412826605_2_34_0_1143376_255969000&from=searchresults
La Hiên boutique stay,600000,"Mon, Oct 6","Tue, Oct 7",,0,Hue,13,Exceptional,https://www.booking.com/hotel/vn/la-hien-boutique-stay.html?label=gen173nr-10CAEoggI46AdIM1gEaPQBiAEBmAEzuAEXyAEM2AED6AEB-AEBiAIBqAIBuAK78OPGBsACAdICJDg2NTdiNzM2LTFhYTYtNDAzNC1hZmUyLWRiYzA1ZDFiZDJlN9gCAeACAQ&aid=304142&ucfs=1&arphpl=1&checkin=2025-10-06&checkout=2025-10-07&dest_id=-3715887&dest_type=city&group_adults=2&req_adults=2&no_rooms=1&group_children=0&req_children=0&hpos=15&hapos=40&sr_order=popularity&srpvid=7ee339dd707602b5&srepoch=1759479235&all_sr_blocks=1485132201_419989292_2_0_0&highlighted_blocks=1485132201_419989292_2_0_0&matching_block_id=1485132201_419989292_2_0_0&sr_pri_blocks=1485132201_419989292_2_0_0__60000000&from=searchresults
Hue Happy Homestay,250000,"Mon, Oct 6","Tue, Oct 7",8.8,0,Hue,377,Excellent,https://www.booking.com/hotel/vn/hue-happy-homestay.html?label=gen173nr-10CAEoggI46AdIM1gEaPQBiAEBmAEzuAEXyAEM2AED6AEB-AEBiAIBqAIBuAK78OPGBsACAdICJDg2NTdiNzM2LTFhYTYtNDAzNC1hZmUyLWRiYzA1ZDFiZDJlN9gCAeACAQ&aid=304142&ucfs=1&arphpl=1&checkin=2025-10-06&checkout=2025-10-07&dest_id=-3715887&dest_type=city&group_adults=2&req_adults=2&no_rooms=1&group_children=0&req_children=0&hpos=16&hapos=41&sr_order=popularity&srpvid=7ee339dd707602b5&srepoch=1759479235&all_sr_blocks=119166204_414242613_2_1_0&highlighted_blocks=119166204_414242613_2_1_0&matching_block_id=119166204_414242613_2_1_0&sr_pri_blocks=119166204_414242613_2_1_0__25000000&from=searchresults
Vedana Lagoon Resort & Spa,4457825,"Mon, Oct 6","Tue, Oct 7",9.3,5,Hue,700,Wonderful,https://www.booking.com/hotel/vn/vedana-lagoon-resort-spa.html?label=gen173nr-10CAEoggI46AdIM1gEaPQBiAEBmAEzuAEXyAEM2AED6AEB-AEBiAIBqAIBuAK78OPGBsACAdICJDg2NTdiNzM2LTFhYTYtNDAzNC1hZmUyLWRiYzA1ZDFiZDJlN9gCAeACAQ&aid=304142&ucfs=1&arphpl=1&checkin=2025-10-06&checkout=2025-10-07&dest_id=-3715887&dest_type=city&group_adults=2&req_adults=2&no_rooms=1&group_children=0&req_children=0&hpos=17&hapos=42&sr_order=popularity&srpvid=7ee339dd707602b5&srepoch=1759479235&all_sr_blocks=26602735_412826677_2_1_0_1143377&highlighted_blocks=26602735_412826677_2_1_0_1143377&matching_block_id=26602735_412826677_2_1_0_1143377&sr_pri_blocks=26602735_412826677_2_1_0_1143377_280843000&from=searchresults
Nam Phương Riverside Villa,239000,"Mon, Oct 6","Tue, Oct 7",8.8,1,Hue,1080,Excellent,https://www.booking.com/hotel/vn/nam-phuong-guesthouse-villa.html?label=gen173nr-10CAEoggI46AdIM1gEaPQBiAEBmAEzuAEXyAEM2AED6AEB-AEBiAIBqAIBuAK78OPGBsACAdICJDg2NTdiNzM2LTFhYTYtNDAzNC1hZmUyLWRiYzA1ZDFiZDJlN9gCAeACAQ&aid=304142&ucfs=1&arphpl=1&checkin=2025-10-06&checkout=2025-10-07&dest_id=-3715887&dest_type=city&group_adults=2&req_adults=2&no_rooms=1&group_children=0&req_children=0&hpos=18&hapos=43&sr_order=popularity&srpvid=7ee339dd707602b5&srepoch=1759479235&all_sr_blocks=321509401_407177962_2_1_0&highlighted_blocks=321509401_407177962_2_1_0&matching_block_id=321509401_407177962_2_1_0&sr_pri_blocks=321509401_407177962_2_1_0__23900000&from=searchresults
The Chum Boutique,1224000,"Mon, Oct 6","Tue, Oct 7",9.0,0,Hue,634,Wonderful,https://www.booking.com/hotel/vn/the-chum-boutique.html?label=gen173nr-10CAEoggI46AdIM1gEaPQBiAEBmAEzuAEXyAEM2AED6AEB-AEBiAIBqAIBuAK78OPGBsACAdICJDg2NTdiNzM2LTFhYTYtNDAzNC1hZmUyLWRiYzA1ZDFiZDJlN9gCAeACAQ&aid=304142&ucfs=1&arphpl=1&checkin=2025-10-06&checkout=2025-10-07&dest_id=-3715887&dest_type=city&group_adults=2&req_adults=2&no_rooms=1&group_children=0&req_children=0&hpos=19&hapos=44&sr_order=popularity&srpvid=7ee339dd707602b5&srepoch=1759479235&all_sr_blocks=1021441401_378973273_2_0_0&highlighted_blocks=1021441401_378973273_2_0_0&matching_block_id=1021441401_378973273_2_0_0&sr_pri_blocks=1021441401_378973273_2_0_0__56304000&from=searchresults
Hue Four Seasons Hotel,390000,"Mon, Oct 6","Tue, Oct 7",9.4,0,Hue,1470,Wonderful,https://www.booking.com/hotel/vn/hue-four-seasons-hue.html?label=gen173nr-10CAEoggI46AdIM1gEaPQBiAEBmAEzuAEXyAEM2AED6AEB-AEBiAIBqAIBuAK78OPGBsACAdICJDg2NTdiNzM2LTFhYTYtNDAzNC1hZmUyLWRiYzA1ZDFiZDJlN9gCAeACAQ&aid=304142&ucfs=1&arphpl=1&checkin=2025-10-06&checkout=2025-10-07&dest_id=-3715887&dest_type=city&group_adults=2&req_adults=2&no_rooms=1&group_children=0&req_children=0&hpos=20&hapos=45&sr_order=popularity&srpvid=7ee339dd707602b5&srepoch=1759479235&all_sr_blocks=463319313_358366947_2_1_0&highlighted_blocks=463319313_358366947_2_1_0&matching_block_id=463319313_358366947_2_1_0&sr_pri_blocks=463319313_358366947_2_1_0__39000000&from=searchresults
Tùng Homestay,370000,"Mon, Nov 3","Tue, Nov 4",9.0,4,Hue,638,Wonderful,https://www.booking.com/hotel/vn/tung-hostel-thanh-pho-hue.html?label=gen173nr-10CAEoggI46AdIM1gEaPQBiAEBmAEzuAEXyAEM2AED6AEB-AEBiAIBqAIBuAK78OPGBsACAdICJDg2NTdiNzM2LTFhYTYtNDAzNC1hZmUyLWRiYzA1ZDFiZDJlN9gCAeACAQ&aid=304142&ucfs=1&arphpl=1&checkin=2025-11-03&checkout=2025-11-04&dest_id=-3715887&dest_type=city&group_adults=2&req_adults=2&no_rooms=1&group_children=0&req_children=0&hpos=21&hapos=46&sr_order=popularity&srpvid=7ee339dd707602b5&srepoch=1759479235&all_sr_blocks=462493601_141216641_2_0_0&highlighted_blocks=462493601_141216641_2_0_0&matching_block_id=462493601_141216641_2_0_0&sr_pri_blocks=462493601_141216641_2_0_0__37000000&from=searchresults
Hue Loving Home & Cafe,450000,"Mon, Oct 6","Tue, Oct 7",9.5,0,Hue,247,Exceptional,https://www.booking.com/hotel/vn/pink-lotus-home-and-cafe.html?label=gen173nr-10CAEoggI46AdIM1gEaPQBiAEBmAEzuAEXyAEM2AED6AEB-AEBiAIBqAIBuAK78OPGBsACAdICJDg2NTdiNzM2LTFhYTYtNDAzNC1hZmUyLWRiYzA1ZDFiZDJlN9gCAeACAQ&aid=304142&ucfs=1&arphpl=1&checkin=2025-10-06&checkout=2025-10-07&dest_id=-3715887&dest_type=city&group_adults=2&req_adults=2&no_rooms=1&group_children=0&req_children=0&hpos=1&hapos=47&sr_order=popularity&srpvid=7ee339dd707602b5&srepoch=1759479240&all_sr_blocks=1274490806_400264480_2_1_0&highlighted_blocks=1274490806_400264480_2_1_0&matching_block_id=1274490806_400264480_2_1_0&sr_pri_blocks=1274490806_400264480_2_1_0__45000000&from=searchresults
Casablanca Hotel,272800,"Mon, Oct 6","Tue, Oct 7",7.8,2,Hue,358,Good,https://www.booking.com/hotel/vn/tmt-hue.html?label=gen173nr-10CAEoggI46AdIM1gEaPQBiAEBmAEzuAEXyAEM2AED6AEB-AEBiAIBqAIBuAK78OPGBsACAdICJDg2NTdiNzM2LTFhYTYtNDAzNC1hZmUyLWRiYzA1ZDFiZDJlN9gCAeACAQ&aid=304142&ucfs=1&arphpl=1&checkin=2025-10-06&checkout=2025-10-07&dest_id=-3715887&dest_type=city&group_adults=2&req_adults=2&no_rooms=1&group_children=0&req_children=0&hpos=2&hapos=48&sr_order=popularity&srpvid=7ee339dd707602b5&srepoch=1759479240&all_sr_blocks=106999411_382196381_2_2_0&highlighted_blocks=106999411_382196381_2_2_0&matching_block_id=106999411_382196381_2_2_0&sr_pri_blocks=106999411_382196381_2_2_0__24552000&from=searchresults
Senna Hue Hotel,2910600,"Mon, Oct 6","Tue, Oct 7",9.3,5,Hue,1180,Wonderful,https://www.booking.com/hotel/vn/senna-hue.html?label=gen173nr-10CAEoggI46AdIM1gEaPQBiAEBmAEzuAEXyAEM2AED6AEB-AEBiAIBqAIBuAK78OPGBsACAdICJDg2NTdiNzM2LTFhYTYtNDAzNC1hZmUyLWRiYzA1ZDFiZDJlN9gCAeACAQ&aid=304142&ucfs=1&arphpl=1&checkin=2025-10-06&checkout=2025-10-07&dest_id=-3715887&dest_type=city&group_adults=2&req_adults=2&no_rooms=1&group_children=0&req_children=0&hpos=3&hapos=49&sr_order=popularity&srpvid=7ee339dd707602b5&srepoch=1759479240&all_sr_blocks=561267926_361433574_2_1_0_51905&highlighted_blocks=561267926_361433574_2_1_0_51905&matching_block_id=561267926_361433574_2_1_0_51905&sr_pri_blocks=561267926_361433574_2_1_0_51905_171725400&from=searchresults
Son Ca Motel,423000,"Mon, Oct 6","Tue, Oct 7",9.3,2,Hue,504,Wonderful,https://www.booking.com/hotel/vn/son-ca-motel-thanh-pho-hue.html?label=gen173nr-10CAEoggI46AdIM1gEaPQBiAEBmAEzuAEXyAEM2AED6AEB-AEBiAIBqAIBuAK78OPGBsACAdICJDg2NTdiNzM2LTFhYTYtNDAzNC1hZmUyLWRiYzA1ZDFiZDJlN9gCAeACAQ&aid=304142&ucfs=1&arphpl=1&checkin=2025-10-06&checkout=2025-10-07&dest_id=-3715887&dest_type=city&group_adults=2&req_adults=2&no_rooms=1&group_children=0&req_children=0&hpos=4&hapos=50&sr_order=popularity&srpvid=7ee339dd707602b5&srepoch=1759479240&all_sr_blocks=1080487901_380628711_2_0_0&highlighted_blocks=1080487901_380628711_2_0_0&matching_block_id=1080487901_380628711_2_0_0&sr_pri_blocks=1080487901_380628711_2_0_0__42300000&from=searchresults
Orchid Riverside Villa,300000,"Mon, Oct 6","Tue, Oct 7",8.4,2,Hue,728,Very Good,https://www.booking.com/hotel/vn/orchid-reverside-villa.html?label=gen173nr-10CAEoggI46AdIM1gEaPQBiAEBmAEzuAEXyAEM2AED6AEB-AEBiAIBqAIBuAK78OPGBsACAdICJDg2NTdiNzM2LTFhYTYtNDAzNC1hZmUyLWRiYzA1ZDFiZDJlN9gCAeACAQ&aid=304142&ucfs=1&arphpl=1&checkin=2025-10-06&checkout=2025-10-07&dest_id=-3715887&dest_type=city&group_adults=2&req_adults=2&no_rooms=1&group_children=0&req_children=0&hpos=5&hapos=51&sr_order=popularity&srpvid=7ee339dd707602b5&srepoch=1759479240&all_sr_blocks=992636815_410574396_0_42_0&highlighted_blocks=992636815_410574396_0_42_0&matching_block_id=992636815_410574396_0_42_0&sr_pri_blocks=992636815_410574396_0_42_0__30000000&from=searchresults
1979 Homestay 2,195346,"Mon, Oct 6","Tue, Oct 7",8.8,0,Hue,104,Excellent,https://www.booking.com/hotel/vn/1979-homestay-2.html?label=gen173nr-10CAEoggI46AdIM1gEaPQBiAEBmAEzuAEXyAEM2AED6AEB-AEBiAIBqAIBuAK78OPGBsACAdICJDg2NTdiNzM2LTFhYTYtNDAzNC1hZmUyLWRiYzA1ZDFiZDJlN9gCAeACAQ&aid=304142&ucfs=1&arphpl=1&checkin=2025-10-06&checkout=2025-10-07&dest_id=-3715887&dest_type=city&group_adults=2&req_adults=2&no_rooms=1&group_children=0&req_children=0&hpos=6&hapos=52&sr_order=popularity&srpvid=7ee339dd707602b5&srepoch=1759479240&all_sr_blocks=0_0_2_0_0&highlighted_blocks=0_0_2_0_0&matching_block_id=0_0_2_0_0&sr_pri_blocks=0_0_2_0_0__19534623&from=searchresults
Hue House Stay Phòng Máy Chiếu,400000,"Mon, Nov 3","Tue, Nov 4",9.6,3,Hue,91,Exceptional,https://www.booking.com/hotel/vn/hue-house-stay.html?label=gen173nr-10CAEoggI46AdIM1gEaPQBiAEBmAEzuAEXyAEM2AED6AEB-AEBiAIBqAIBuAK78OPGBsACAdICJDg2NTdiNzM2LTFhYTYtNDAzNC1hZmUyLWRiYzA1ZDFiZDJlN9gCAeACAQ&aid=304142&ucfs=1&arphpl=1&checkin=2025-11-03&checkout=2025-11-04&dest_id=-3715887&dest_type=city&group_adults=2&req_adults=2&no_rooms=1&group_children=0&req_children=0&hpos=7&hapos=53&sr_order=popularity&srpvid=7ee339dd707602b5&srepoch=1759479240&all_sr_blocks=1104336003_383260595_2_0_0&highlighted_blocks=1104336003_383260595_2_0_0&matching_block_id=1104336003_383260595_2_0_0&sr_pri_blocks=1104336003_383260595_2_0_0__28000000&from=searchresults
Đức Lộc 2 Hotel,321875,"Mon, Oct 6","Tue, Oct 7",9.3,2,Hue,576,Wonderful,https://www.booking.com/hotel/vn/duc-loc-2.html?label=gen173nr-10CAEoggI46AdIM1gEaPQBiAEBmAEzuAEXyAEM2AED6AEB-AEBiAIBqAIBuAK78OPGBsACAdICJDg2NTdiNzM2LTFhYTYtNDAzNC1hZmUyLWRiYzA1ZDFiZDJlN9gCAeACAQ&aid=304142&ucfs=1&arphpl=1&checkin=2025-10-06&checkout=2025-10-07&dest_id=-3715887&dest_type=city&group_adults=2&req_adults=2&no_rooms=1&group_children=0&req_children=0&hpos=8&hapos=54&sr_order=popularity&srpvid=7ee339dd707602b5&srepoch=1759479240&all_sr_blocks=1137317501_386526926_2_0_0&highlighted_blocks=1137317501_386526926_2_0_0&matching_block_id=1137317501_386526926_2_0_0&sr_pri_blocks=1137317501_386526926_2_0_0__25750000&from=searchresults
Ancient Huế Garden Houses,2725872,"Mon, Oct 13","Tue, Oct 14",9.7,5,Hue,347,Exceptional,https://www.booking.com/hotel/vn/ancient-hue-garden-houses.html?label=gen173nr-10CAEoggI46AdIM1gEaPQBiAEBmAEzuAEXyAEM2AED6AEB-AEBiAIBqAIBuAK78OPGBsACAdICJDg2NTdiNzM2LTFhYTYtNDAzNC1hZmUyLWRiYzA1ZDFiZDJlN9gCAeACAQ&aid=304142&ucfs=1&arphpl=1&checkin=2025-10-13&checkout=2025-10-14&dest_id=-3715887&dest_type=city&group_adults=2&req_adults=2&no_rooms=1&group_children=0&req_children=0&hpos=9&hapos=55&sr_order=popularity&srpvid=7ee339dd707602b5&srepoch=1759479240&all_sr_blocks=0_0_2_1_0&highlighted_blocks=0_0_2_1_0&matching_block_id=0_0_2_1_0&sr_pri_blocks=0_0_2_1_0__272587178&from=searchresults
KemsHomestay,280000,"Mon, Oct 6","Tue, Oct 7",9.9,0,Hue,8,Exceptional,https://www.booking.com/hotel/vn/kemshomestay-thanh-pho-hue.html?label=gen173nr-10CAEoggI46AdIM1gEaPQBiAEBmAEzuAEXyAEM2AED6AEB-AEBiAIBqAIBuAK78OPGBsACAdICJDg2NTdiNzM2LTFhYTYtNDAzNC1hZmUyLWRiYzA1ZDFiZDJlN9gCAeACAQ&aid=304142&ucfs=1&arphpl=1&checkin=2025-10-06&checkout=2025-10-07&dest_id=-3715887&dest_type=city&group_adults=2&req_adults=2&no_rooms=1&group_children=0&req_children=0&hpos=10&hapos=56&sr_order=popularity&srpvid=7ee339dd707602b5&srepoch=1759479240&all_sr_blocks=1468664804_418182292_3_0_0&highlighted_blocks=1468664804_418182292_3_0_0&matching_block_id=1468664804_418182292_3_0_0&sr_pri_blocks=1468664804_418182292_3_0_0__28000000&from=searchresults
Banana homestay( Chuối Homestay),335000,"Mon, Oct 6","Tue, Oct 7",8.5,3,Hue,134,Very Good,https://www.booking.com/hotel/vn/banana-homestay-chuoi-homestay-thanh-pho-hue.html?label=gen173nr-10CAEoggI46AdIM1gEaPQBiAEBmAEzuAEXyAEM2AED6AEB-AEBiAIBqAIBuAK78OPGBsACAdICJDg2NTdiNzM2LTFhYTYtNDAzNC1hZmUyLWRiYzA1ZDFiZDJlN9gCAeACAQ&aid=304142&ucfs=1&arphpl=1&checkin=2025-10-06&checkout=2025-10-07&dest_id=-3715887&dest_type=city&group_adults=2&req_adults=2&no_rooms=1&group_children=0&req_children=0&hpos=11&hapos=57&sr_order=popularity&srpvid=7ee339dd707602b5&srepoch=1759479240&all_sr_blocks=1139339801_386816936_2_0_0&highlighted_blocks=1139339801_386816936_2_0_0&matching_block_id=1139339801_386816936_2_0_0&sr_pri_blocks=1139339801_386816936_2_0_0__33500000&from=searchresults
Binh An Hostel,169000,"Mon, Oct 6","Tue, Oct 7",5.4,0,Hue,145,Review score,https://www.booking.com/hotel/vn/binh-an-hostel.html?label=gen173nr-10CAEoggI46AdIM1gEaPQBiAEBmAEzuAEXyAEM2AED6AEB-AEBiAIBqAIBuAK78OPGBsACAdICJDg2NTdiNzM2LTFhYTYtNDAzNC1hZmUyLWRiYzA1ZDFiZDJlN9gCAeACAQ&aid=304142&ucfs=1&arphpl=1&checkin=2025-10-06&checkout=2025-10-07&dest_id=-3715887&dest_type=city&group_adults=2&req_adults=2&no_rooms=1&group_children=0&req_children=0&hpos=12&hapos=58&sr_order=popularity&srpvid=7ee339dd707602b5&srepoch=1759479240&all_sr_blocks=825882003_347036243_2_0_0&highlighted_blocks=825882003_347036243_2_0_0&matching_block_id=825882003_347036243_2_0_0&sr_pri_blocks=825882003_347036243_2_0_0__16900000&from=searchresults
Shine Hotel,259000,"Mon, Oct 6","Tue, Oct 7",8.1,1,Hue,353,Very Good,https://www.booking.com/hotel/vn/shine-thanh-pho-hue.html?label=gen173nr-10CAEoggI46AdIM1gEaPQBiAEBmAEzuAEXyAEM2AED6AEB-AEBiAIBqAIBuAK78OPGBsACAdICJDg2NTdiNzM2LTFhYTYtNDAzNC1hZmUyLWRiYzA1ZDFiZDJlN9gCAeACAQ&aid=304142&ucfs=1&arphpl=1&checkin=2025-10-06&checkout=2025-10-07&dest_id=-3715887&dest_type=city&group_adults=2&req_adults=2&no_rooms=1&group_children=0&req_children=0&hpos=13&hapos=59&sr_order=popularity&srpvid=7ee339dd707602b5&srepoch=1759479240&all_sr_blocks=993897402_372323806_2_2_0&highlighted_blocks=993897402_372323806_2_2_0&matching_block_id=993897402_372323806_2_2_0&sr_pri_blocks=993897402_372323806_2_2_0__25900000&from=searchresults
Yên homestay,350000,"Mon, Oct 6","Tue, Oct 7",9.0,0,Hue,136,Wonderful,https://www.booking.com/hotel/vn/yen-homestay-thanh-pho-hue1.html?label=gen173nr-10CAEoggI46AdIM1gEaPQBiAEBmAEzuAEXyAEM2AED6AEB-AEBiAIBqAIBuAK78OPGBsACAdICJDg2NTdiNzM2LTFhYTYtNDAzNC1hZmUyLWRiYzA1ZDFiZDJlN9gCAeACAQ&aid=304142&ucfs=1&arphpl=1&checkin=2025-10-06&checkout=2025-10-07&dest_id=-3715887&dest_type=city&group_adults=2&req_adults=2&no_rooms=1&group_children=0&req_children=0&hpos=14&hapos=60&sr_order=popularity&srpvid=7ee339dd707602b5&srepoch=1759479240&all_sr_blocks=1304198904_403281527_2_0_0&highlighted_blocks=1304198904_403281527_2_0_0&matching_block_id=1304198904_403281527_2_0_0&sr_pri_blocks=1304198904_403281527_2_0_0__35000000&from=searchresults
Nai's House,272000,"Mon, Oct 13","Tue, Oct 14",,0,Hue,2,Exceptional,https://www.booking.com/hotel/vn/nais-house-thanh-pho-hue.html?label=gen173nr-10CAEoggI46AdIM1gEaPQBiAEBmAEzuAEXyAEM2AED6AEB-AEBiAIBqAIBuAK78OPGBsACAdICJDg2NTdiNzM2LTFhYTYtNDAzNC1hZmUyLWRiYzA1ZDFiZDJlN9gCAeACAQ&aid=304142&ucfs=1&arphpl=1&checkin=2025-10-13&checkout=2025-10-14&dest_id=-3715887&dest_type=city&group_adults=2&req_adults=2&no_rooms=1&group_children=0&req_children=0&hpos=15&hapos=61&sr_order=popularity&srpvid=7ee339dd707602b5&srepoch=1759479240&all_sr_blocks=1439052901_415386790_2_0_0&highlighted_blocks=1439052901_415386790_2_0_0&matching_block_id=1439052901_415386790_2_0_0&sr_pri_blocks=1439052901_415386790_2_0_0__27200000&from=searchresults
New World Hotel,486999,"Mon, Oct 6","Tue, Oct 7",8.9,1,Hue,624,Excellent,https://www.booking.com/hotel/vn/new-world.html?label=gen173nr-10CAEoggI46AdIM1gEaPQBiAEBmAEzuAEXyAEM2AED6AEB-AEBiAIBqAIBuAK78OPGBsACAdICJDg2NTdiNzM2LTFhYTYtNDAzNC1hZmUyLWRiYzA1ZDFiZDJlN9gCAeACAQ&aid=304142&ucfs=1&arphpl=1&checkin=2025-10-06&checkout=2025-10-07&dest_id=-3715887&dest_type=city&group_adults=2&req_adults=2&no_rooms=1&group_children=0&req_children=0&hpos=16&hapos=62&sr_order=popularity&srpvid=7ee339dd707602b5&srepoch=1759479240&all_sr_blocks=753060301_331906856_2_1_0&highlighted_blocks=753060301_331906856_2_1_0&matching_block_id=753060301_331906856_2_1_0&sr_pri_blocks=753060301_331906856_2_1_0__38959900&from=searchresults
Purple Hue Central Hub,342000,"Mon, Oct 6","Tue, Oct 7",9.0,0,Hue,1042,Wonderful,https://www.booking.com/hotel/vn/purple-hue-bnb-central-hub.html?label=gen173nr-10CAEoggI46AdIM1gEaPQBiAEBmAEzuAEXyAEM2AED6AEB-AEBiAIBqAIBuAK78OPGBsACAdICJDg2NTdiNzM2LTFhYTYtNDAzNC1hZmUyLWRiYzA1ZDFiZDJlN9gCAeACAQ&aid=304142&ucfs=1&arphpl=1&checkin=2025-10-06&checkout=2025-10-07&dest_id=-3715887&dest_type=city&group_adults=2&req_adults=2&no_rooms=1&group_children=0&req_children=0&hpos=17&hapos=63&sr_order=popularity&srpvid=7ee339dd707602b5&srepoch=1759479240&all_sr_blocks=501551501_169773491_2_0_0&highlighted_blocks=501551501_169773491_2_0_0&matching_block_id=501551501_169773491_2_0_0&sr_pri_blocks=501551501_169773491_2_0_0__34200000&from=searchresults
Nineties homestay,210000,"Mon, Oct 6","Tue, Oct 7",8.9,0,Hue,319,Excellent,https://www.booking.com/hotel/vn/nineties-homestay.html?label=gen173nr-10CAEoggI46AdIM1gEaPQBiAEBmAEzuAEXyAEM2AED6AEB-AEBiAIBqAIBuAK78OPGBsACAdICJDg2NTdiNzM2LTFhYTYtNDAzNC1hZmUyLWRiYzA1ZDFiZDJlN9gCAeACAQ&aid=304142&ucfs=1&arphpl=1&checkin=2025-10-06&checkout=2025-10-07&dest_id=-3715887&dest_type=city&group_adults=2&req_adults=2&no_rooms=1&group_children=0&req_children=0&hpos=18&hapos=64&sr_order=popularity&srpvid=7ee339dd707602b5&srepoch=1759479240&all_sr_blocks=1194333903_391991569_2_2_0&highlighted_blocks=1194333903_391991569_2_2_0&matching_block_id=1194333903_391991569_2_2_0&sr_pri_blocks=1194333903_391991569_2_2_0__21000000&from=searchresults
Sunny A Hotel,264773,"Mon, Oct 6","Tue, Oct 7",8.9,2,Hue,1288,Excellent,https://www.booking.com/hotel/vn/sunny-hue.html?label=gen173nr-10CAEoggI46AdIM1gEaPQBiAEBmAEzuAEXyAEM2AED6AEB-AEBiAIBqAIBuAK78OPGBsACAdICJDg2NTdiNzM2LTFhYTYtNDAzNC1hZmUyLWRiYzA1ZDFiZDJlN9gCAeACAQ&aid=304142&ucfs=1&arphpl=1&checkin=2025-10-06&checkout=2025-10-07&dest_id=-3715887&dest_type=city&group_adults=2&req_adults=2&no_rooms=1&group_children=0&req_children=0&hpos=19&hapos=65&sr_order=popularity&srpvid=7ee339dd707602b5&srepoch=1759479240&all_sr_blocks=113775904_0_2_0_0&highlighted_blocks=113775904_0_2_0_0&matching_block_id=113775904_0_2_0_0&sr_pri_blocks=113775904_0_2_0_0__26477333&from=searchresults
"Thỏ homestay, căn hộ cao cấp Huế",1106262,"Mon, Oct 6","Tue, Oct 7",9.0,4,Hue,119,Wonderful,https://www.booking.com/hotel/vn/tho-homestay-can-ho-cao-cap-nera-garden.html?label=gen173nr-10CAEoggI46AdIM1gEaPQBiAEBmAEzuAEXyAEM2AED6AEB-AEBiAIBqAIBuAK78OPGBsACAdICJDg2NTdiNzM2LTFhYTYtNDAzNC1hZmUyLWRiYzA1ZDFiZDJlN9gCAeACAQ&aid=304142&ucfs=1&arphpl=1&checkin=2025-10-06&checkout=2025-10-07&dest_id=-3715887&dest_type=city&group_adults=2&req_adults=2&no_rooms=1&group_children=0&req_children=0&hpos=20&hapos=66&sr_order=popularity&srpvid=7ee339dd707602b5&srepoch=1759479240&all_sr_blocks=1010582401_373755805_2_0_0&highlighted_blocks=1010582401_373755805_2_0_0&matching_block_id=1010582401_373755805_2_0_0&sr_pri_blocks=1010582401_373755805_2_0_0__82969700&from=searchresults
Hue Sweethouse 2 Homestay,589000,"Mon, Oct 6","Tue, Oct 7",9.4,0,Hue,1610,Wonderful,https://www.booking.com/hotel/vn/hue-sweethouse-homestay-2.html?label=gen173nr-10CAEoggI46AdIM1gEaPQBiAEBmAEzuAEXyAEM2AED6AEB-AEBiAIBqAIBuAK78OPGBsACAdICJDg2NTdiNzM2LTFhYTYtNDAzNC1hZmUyLWRiYzA1ZDFiZDJlN9gCAeACAQ&aid=304142&ucfs=1&arphpl=1&checkin=2025-10-06&checkout=2025-10-07&dest_id=-3715887&dest_type=city&group_adults=2&req_adults=2&no_rooms=1&group_children=0&req_children=0&hpos=21&hapos=67&sr_order=popularity&srpvid=7ee339dd707602b5&srepoch=1759479240&all_sr_blocks=408334201_366942699_2_1_0&highlighted_blocks=408334201_366942699_2_1_0&matching_block_id=408334201_366942699_2_1_0&sr_pri_blocks=408334201_366942699_2_1_0__58900000&from=searchresults
ÊMM Hotel Hue,903608,"Mon, Oct 6","Tue, Oct 7",9.0,4,Hue,586,Wonderful,https://www.booking.com/hotel/vn/festival-hue.html?label=gen173nr-10CAEoggI46AdIM1gEaPQBiAEBmAEzuAEXyAEM2AED6AEB-AEBiAIBqAIBuAK78OPGBsACAdICJDg2NTdiNzM2LTFhYTYtNDAzNC1hZmUyLWRiYzA1ZDFiZDJlN9gCAeACAQ&aid=304142&ucfs=1&arphpl=1&checkin=2025-10-06&checkout=2025-10-07&dest_id=-3715887&dest_type=city&group_adults=2&req_adults=2&no_rooms=1&group_children=0&req_children=0&hpos=22&hapos=68&sr_order=popularity&srpvid=7ee339dd707602b5&srepoch=1759479240&all_sr_blocks=24849922_0_2_1_0&highlighted_blocks=24849922_0_2_1_0&matching_block_id=24849922_0_2_1_0&sr_pri_blocks=24849922_0_2_1_0__90360828&from_sustainable_property_sr=1&from=searchresults
MiLa - Homestay in Hue,750000,"Mon, Oct 6","Tue, Oct 7",9.0,0,Hue,184,Wonderful,https://www.booking.com/hotel/vn/mila-homestay-in-hue.html?label=gen173nr-10CAEoggI46AdIM1gEaPQBiAEBmAEzuAEXyAEM2AED6AEB-AEBiAIBqAIBuAK78OPGBsACAdICJDg2NTdiNzM2LTFhYTYtNDAzNC1hZmUyLWRiYzA1ZDFiZDJlN9gCAeACAQ&aid=304142&ucfs=1&arphpl=1&checkin=2025-10-06&checkout=2025-10-07&dest_id=-3715887&dest_type=city&group_adults=2&req_adults=2&no_rooms=1&group_children=0&req_children=0&hpos=23&hapos=69&sr_order=popularity&srpvid=7ee339dd707602b5&srepoch=1759479240&all_sr_blocks=1244122406_402278520_0_0_0_536145&highlighted_blocks=1244122406_402278520_0_0_0_536145&matching_block_id=1244122406_402278520_0_0_0_536145&sr_pri_blocks=1244122406_402278520_0_0_0_536145_33750000&from=searchresults
Pisces Hotel Hue,514236,"Mon, Oct 6","Tue, Oct 7",8.5,2,Hue,531,Very Good,https://www.booking.com/hotel/vn/pisces-hue.html?label=gen173nr-10CAEoggI46AdIM1gEaPQBiAEBmAEzuAEXyAEM2AED6AEB-AEBiAIBqAIBuAK78OPGBsACAdICJDg2NTdiNzM2LTFhYTYtNDAzNC1hZmUyLWRiYzA1ZDFiZDJlN9gCAeACAQ&aid=304142&ucfs=1&arphpl=1&checkin=2025-10-06&checkout=2025-10-07&dest_id=-3715887&dest_type=city&group_adults=2&req_adults=2&no_rooms=1&group_children=0&req_children=0&hpos=24&hapos=70&sr_order=popularity&srpvid=7ee339dd707602b5&srepoch=1759479240&all_sr_blocks=1058012202_0_2_0_0&highlighted_blocks=1058012202_0_2_0_0&matching_block_id=1058012202_0_2_0_0&sr_pri_blocks=1058012202_0_2_0_0__51423574&from=searchresults
a-mâze house,280000,"Mon, Oct 6","Tue, Oct 7",9.0,0,Hue,235,Wonderful,https://www.booking.com/hotel/vn/a-maze-house.html?label=gen173nr-10CAEoggI46AdIM1gEaPQBiAEBmAEzuAEXyAEM2AED6AEB-AEBiAIBqAIBuAK78OPGBsACAdICJDg2NTdiNzM2LTFhYTYtNDAzNC1hZmUyLWRiYzA1ZDFiZDJlN9gCAeACAQ&aid=304142&ucfs=1&arphpl=1&checkin=2025-10-06&checkout=2025-10-07&dest_id=-3715887&dest_type=city&group_adults=2&req_adults=2&no_rooms=1&group_children=0&req_children=0&hpos=25&hapos=71&sr_order=popularity&srpvid=7ee339dd707602b5&srepoch=1759479240&all_sr_blocks=462092804_309652835_1_0_0%2C462092804_309652835_1_0_0&highlighted_blocks=462092804_309652835_1_0_0%2C462092804_309652835_1_0_0&matching_block_id=462092804_309652835_1_0_0&sr_pri_blocks=462092804_309652835_1_0_0__14000000%2C462092804_309652835_1_0_0__14000000&from=searchresults
Saigon Morin Hotel,1314099,"Mon, Oct 6","Tue, Oct 7",8.5,4,Hue,1464,Very Good,https://www.booking.com/hotel/vn/saigon-morin.html?label=gen173nr-10CAEoggI46AdIM1gEaPQBiAEBmAEzuAEXyAEM2AED6AEB-AEBiAIBqAIBuAK78OPGBsACAdICJDg2NTdiNzM2LTFhYTYtNDAzNC1hZmUyLWRiYzA1ZDFiZDJlN9gCAeACAQ&aid=304142&ucfs=1&arphpl=1&checkin=2025-10-06&checkout=2025-10-07&dest_id=-3715887&dest_type=city&group_adults=2&req_adults=2&no_rooms=1&group_children=0&req_children=0&hpos=1&hapos=72&sr_order=popularity&srpvid=7ee339dd707602b5&srepoch=1759479244&all_sr_blocks=25429202_0_2_1_0&highlighted_blocks=25429202_0_2_1_0&matching_block_id=25429202_0_2_1_0&sr_pri_blocks=25429202_0_2_1_0__131409934&from=searchresults
Ngoc Binh Hotel,247500,"Mon, Oct 6","Tue, Oct 7",8.5,1,Hue,806,Very Good,https://www.booking.com/hotel/vn/ngoc-binh.html?label=gen173nr-10CAEoggI46AdIM1gEaPQBiAEBmAEzuAEXyAEM2AED6AEB-AEBiAIBqAIBuAK78OPGBsACAdICJDg2NTdiNzM2LTFhYTYtNDAzNC1hZmUyLWRiYzA1ZDFiZDJlN9gCAeACAQ&aid=304142&ucfs=1&arphpl=1&checkin=2025-10-06&checkout=2025-10-07&dest_id=-3715887&dest_type=city&group_adults=2&req_adults=2&no_rooms=1&group_children=0&req_children=0&hpos=2&hapos=73&sr_order=popularity&srpvid=7ee339dd707602b5&srepoch=1759479244&all_sr_blocks=43191511_369090444_0_0_0&highlighted_blocks=43191511_369090444_0_0_0&matching_block_id=43191511_369090444_0_0_0&sr_pri_blocks=43191511_369090444_0_0_0__24750000&from=searchresults
Madam Thu House,331561,"Mon, Oct 6","Tue, Oct 7",,0,Hue,11,Exceptional,https://www.booking.com/hotel/vn/madam-thu-house.html?label=gen173nr-10CAEoggI46AdIM1gEaPQBiAEBmAEzuAEXyAEM2AED6AEB-AEBiAIBqAIBuAK78OPGBsACAdICJDg2NTdiNzM2LTFhYTYtNDAzNC1hZmUyLWRiYzA1ZDFiZDJlN9gCAeACAQ&aid=304142&ucfs=1&arphpl=1&checkin=2025-10-06&checkout=2025-10-07&dest_id=-3715887&dest_type=city&group_adults=2&req_adults=2&no_rooms=1&group_children=0&req_children=0&hpos=3&hapos=74&sr_order=popularity&srpvid=7ee339dd707602b5&srepoch=1759479244&all_sr_blocks=0_0_2_1_0&highlighted_blocks=0_0_2_1_0&matching_block_id=0_0_2_1_0&sr_pri_blocks=0_0_2_1_0__33156062&from=searchresults
Robin House,370000,"Mon, Oct 20","Tue, Oct 21",9.4,0,Hue,247,Wonderful,https://www.booking.com/hotel/vn/robin-house.html?label=gen173nr-10CAEoggI46AdIM1gEaPQBiAEBmAEzuAEXyAEM2AED6AEB-AEBiAIBqAIBuAK78OPGBsACAdICJDg2NTdiNzM2LTFhYTYtNDAzNC1hZmUyLWRiYzA1ZDFiZDJlN9gCAeACAQ&aid=304142&ucfs=1&arphpl=1&checkin=2025-10-20&checkout=2025-10-21&dest_id=-3715887&dest_type=city&group_adults=2&req_adults=2&no_rooms=1&group_children=0&req_children=0&hpos=4&hapos=75&sr_order=popularity&srpvid=7ee339dd707602b5&srepoch=1759479244&all_sr_blocks=673031703_343711066_0_0_0&highlighted_blocks=673031703_343711066_0_0_0&matching_block_id=673031703_343711066_0_0_0&sr_pri_blocks=673031703_343711066_0_0_0__33300000&from=searchresults
Kha Hostel,396198,"Mon, Oct 20","Tue, Oct 21",8.9,2,Hue,655,Excellent,https://www.booking.com/hotel/vn/kha-hue1.html?label=gen173nr-10CAEoggI46AdIM1gEaPQBiAEBmAEzuAEXyAEM2AED6AEB-AEBiAIBqAIBuAK78OPGBsACAdICJDg2NTdiNzM2LTFhYTYtNDAzNC1hZmUyLWRiYzA1ZDFiZDJlN9gCAeACAQ&aid=304142&ucfs=1&arphpl=1&checkin=2025-10-20&checkout=2025-10-21&dest_id=-3715887&dest_type=city&group_adults=2&req_adults=2&no_rooms=1&group_children=0&req_children=0&hpos=5&hapos=76&sr_order=popularity&srpvid=7ee339dd707602b5&srepoch=1759479244&all_sr_blocks=273947302_233749301_2_1_0&highlighted_blocks=273947302_233749301_2_1_0&matching_block_id=273947302_233749301_2_1_0&sr_pri_blocks=273947302_233749301_2_1_0__39619800&from=searchresults
Hue Lovely Homestay,650000,"Mon, Oct 20","Tue, Oct 21",8.7,0,Hue,828,Excellent,https://www.booking.com/hotel/vn/hue-sweethouse-homestay.html?label=gen173nr-10CAEoggI46AdIM1gEaPQBiAEBmAEzuAEXyAEM2AED6AEB-AEBiAIBqAIBuAK78OPGBsACAdICJDg2NTdiNzM2LTFhYTYtNDAzNC1hZmUyLWRiYzA1ZDFiZDJlN9gCAeACAQ&aid=304142&ucfs=1&arphpl=1&checkin=2025-10-20&checkout=2025-10-21&dest_id=-3715887&dest_type=city&group_adults=2&req_adults=2&no_rooms=1&group_children=0&req_children=0&hpos=6&hapos=77&sr_order=popularity&srpvid=7ee339dd707602b5&srepoch=1759479244&all_sr_blocks=262370402_191497522_0_1_0&highlighted_blocks=262370402_191497522_0_1_0&matching_block_id=262370402_191497522_0_1_0&sr_pri_blocks=262370402_191497522_0_1_0__58500000&from=searchresults
Full House Homestay,450000,"Mon, Oct 6","Tue, Oct 7",9.0,0,Hue,693,Wonderful,https://www.booking.com/hotel/vn/fullhouse-homestay-thanh-pho-hue.html?label=gen173nr-10CAEoggI46AdIM1gEaPQBiAEBmAEzuAEXyAEM2AED6AEB-AEBiAIBqAIBuAK78OPGBsACAdICJDg2NTdiNzM2LTFhYTYtNDAzNC1hZmUyLWRiYzA1ZDFiZDJlN9gCAeACAQ&aid=304142&ucfs=1&arphpl=1&checkin=2025-10-06&checkout=2025-10-07&dest_id=-3715887&dest_type=city&group_adults=2&req_adults=2&no_rooms=1&group_children=0&req_children=0&hpos=7&hapos=78&sr_order=popularity&srpvid=7ee339dd707602b5&srepoch=1759479244&all_sr_blocks=907329903_421320362_2_9_0&highlighted_blocks=907329903_421320362_2_9_0&matching_block_id=907329903_421320362_2_9_0&sr_pri_blocks=907329903_421320362_2_9_0__45000000&from=searchresults
Hue Sweethouse 1 Homestay,400000,"Mon, Oct 6","Tue, Oct 7",8.8,0,Hue,1940,Excellent,https://www.booking.com/hotel/vn/hue-sweethouse-homestay-thanh-pho-hue.html?label=gen173nr-10CAEoggI46AdIM1gEaPQBiAEBmAEzuAEXyAEM2AED6AEB-AEBiAIBqAIBuAK78OPGBsACAdICJDg2NTdiNzM2LTFhYTYtNDAzNC1hZmUyLWRiYzA1ZDFiZDJlN9gCAeACAQ&aid=304142&ucfs=1&arphpl=1&checkin=2025-10-06&checkout=2025-10-07&dest_id=-3715887&dest_type=city&group_adults=2&req_adults=2&no_rooms=1&group_children=0&req_children=0&hpos=8&hapos=79&sr_order=popularity&srpvid=7ee339dd707602b5&srepoch=1759479244&all_sr_blocks=897727903_399669337_2_1_0&highlighted_blocks=897727903_399669337_2_1_0&matching_block_id=897727903_399669337_2_1_0&sr_pri_blocks=897727903_399669337_2_1_0__40000000&from=searchresults
Century Riverside Hotel Hue,783233,"Mon, Oct 6","Tue, Oct 7",8.1,4,Hue,1221,Very Good,https://www.booking.com/hotel/vn/century-riverside-hue.html?label=gen173nr-10CAEoggI46AdIM1gEaPQBiAEBmAEzuAEXyAEM2AED6AEB-AEBiAIBqAIBuAK78OPGBsACAdICJDg2NTdiNzM2LTFhYTYtNDAzNC1hZmUyLWRiYzA1ZDFiZDJlN9gCAeACAQ&aid=304142&ucfs=1&arphpl=1&checkin=2025-10-06&checkout=2025-10-07&dest_id=-3715887&dest_type=city&group_adults=2&req_adults=2&no_rooms=1&group_children=0&req_children=0&hpos=9&hapos=80&sr_order=popularity&srpvid=7ee339dd707602b5&srepoch=1759479244&all_sr_blocks=26178253_0_2_0_0&highlighted_blocks=26178253_0_2_0_0&matching_block_id=26178253_0_2_0_0&sr_pri_blocks=26178253_0_2_0_0__78323277&from=searchresults
La Vela Hue Hotel,1117961,"Mon, Oct 6","Tue, Oct 7",9.2,5,Hue,1367,Wonderful,https://www.booking.com/hotel/vn/la-vela-hue.html?label=gen173nr-10CAEoggI46AdIM1gEaPQBiAEBmAEzuAEXyAEM2AED6AEB-AEBiAIBqAIBuAK78OPGBsACAdICJDg2NTdiNzM2LTFhYTYtNDAzNC1hZmUyLWRiYzA1ZDFiZDJlN9gCAeACAQ&aid=304142&ucfs=1&arphpl=1&checkin=2025-10-06&checkout=2025-10-07&dest_id=-3715887&dest_type=city&group_adults=2&req_adults=2&no_rooms=1&group_children=0&req_children=0&hpos=10&hapos=81&sr_order=popularity&srpvid=7ee339dd707602b5&srepoch=1759479244&all_sr_blocks=892841302_0_2_0_0&highlighted_blocks=892841302_0_2_0_0&matching_block_id=892841302_0_2_0_0&sr_pri_blocks=892841302_0_2_0_0__111796117&from=searchresults
Amy Hostel Hue,544500,"Mon, Oct 6","Tue, Oct 7",8.7,0,Hue,273,Excellent,https://www.booking.com/hotel/vn/amy-hostel-hue-hue12.html?label=gen173nr-10CAEoggI46AdIM1gEaPQBiAEBmAEzuAEXyAEM2AED6AEB-AEBiAIBqAIBuAK78OPGBsACAdICJDg2NTdiNzM2LTFhYTYtNDAzNC1hZmUyLWRiYzA1ZDFiZDJlN9gCAeACAQ&aid=304142&ucfs=1&arphpl=1&checkin=2025-10-06&checkout=2025-10-07&dest_id=-3715887&dest_type=city&group_adults=2&req_adults=2&no_rooms=1&group_children=0&req_children=0&hpos=11&hapos=82&sr_order=popularity&srpvid=7ee339dd707602b5&srepoch=1759479244&all_sr_blocks=562324302_363750433_2_2_0&highlighted_blocks=562324302_363750433_2_2_0&matching_block_id=562324302_363750433_2_2_0&sr_pri_blocks=562324302_363750433_2_2_0__35392500&from=searchresults
Mini hotel Lạc Hồng,280000,"Mon, Oct 6","Tue, Oct 7",8.2,0,Hue,147,Very Good,https://www.booking.com/hotel/vn/mini-lac-hong.html?label=gen173nr-10CAEoggI46AdIM1gEaPQBiAEBmAEzuAEXyAEM2AED6AEB-AEBiAIBqAIBuAK78OPGBsACAdICJDg2NTdiNzM2LTFhYTYtNDAzNC1hZmUyLWRiYzA1ZDFiZDJlN9gCAeACAQ&aid=304142&ucfs=1&arphpl=1&checkin=2025-10-06&checkout=2025-10-07&dest_id=-3715887&dest_type=city&group_adults=2&req_adults=2&no_rooms=1&group_children=0&req_children=0&hpos=12&hapos=83&sr_order=popularity&srpvid=7ee339dd707602b5&srepoch=1759479244&all_sr_blocks=951052601_367723996_0_0_0&highlighted_blocks=951052601_367723996_0_0_0&matching_block_id=951052601_367723996_0_0_0&sr_pri_blocks=951052601_367723996_0_0_0__28000000&from=searchresults
Spatel d'Annam - Imperial Boutique Spa & Hotel,1000000,"Mon, Oct 6","Tue, Oct 7",8.9,4,Hue,902,Excellent,https://www.booking.com/hotel/vn/spatel-d-39-annam.html?label=gen173nr-10CAEoggI46AdIM1gEaPQBiAEBmAEzuAEXyAEM2AED6AEB-AEBiAIBqAIBuAK78OPGBsACAdICJDg2NTdiNzM2LTFhYTYtNDAzNC1hZmUyLWRiYzA1ZDFiZDJlN9gCAeACAQ&aid=304142&ucfs=1&arphpl=1&checkin=2025-10-06&checkout=2025-10-07&dest_id=-3715887&dest_type=city&group_adults=2&req_adults=2&no_rooms=1&group_children=0&req_children=0&hpos=13&hapos=84&sr_order=popularity&srpvid=7ee339dd707602b5&srepoch=1759479244&all_sr_blocks=851137701_359258684_0_2_0_414801&highlighted_blocks=851137701_359258684_0_2_0_414801&matching_block_id=851137701_359258684_0_2_0_414801&sr_pri_blocks=851137701_359258684_0_2_0_414801_100000000&from=searchresults
Charm House Hue,450000,"Mon, Oct 6","Tue, Oct 7",9.3,4,Hue,80,Wonderful,https://www.booking.com/hotel/vn/charm-house-hue.html?label=gen173nr-10CAEoggI46AdIM1gEaPQBiAEBmAEzuAEXyAEM2AED6AEB-AEBiAIBqAIBuAK78OPGBsACAdICJDg2NTdiNzM2LTFhYTYtNDAzNC1hZmUyLWRiYzA1ZDFiZDJlN9gCAeACAQ&aid=304142&ucfs=1&arphpl=1&checkin=2025-10-06&checkout=2025-10-07&dest_id=-3715887&dest_type=city&group_adults=2&req_adults=2&no_rooms=1&group_children=0&req_children=0&hpos=14&hapos=85&sr_order=popularity&srpvid=7ee339dd707602b5&srepoch=1759479244&all_sr_blocks=1372673002_416735679_2_1_0&highlighted_blocks=1372673002_416735679_2_1_0&matching_block_id=1372673002_416735679_2_1_0&sr_pri_blocks=1372673002_416735679_2_1_0__39600000&from=searchresults
"Thanh Huong Homestay Số 7 Hẻm 41 Đường Ngô Quyền, Phường Vĩnh Ninh, Thành phố Huế",239000,"Mon, Oct 13","Tue, Oct 14",8.2,0,Hue,606,Very Good,https://www.booking.com/hotel/vn/thanhhuong-homstay.html?label=gen173nr-10CAEoggI46AdIM1gEaPQBiAEBmAEzuAEXyAEM2AED6AEB-AEBiAIBqAIBuAK78OPGBsACAdICJDg2NTdiNzM2LTFhYTYtNDAzNC1hZmUyLWRiYzA1ZDFiZDJlN9gCAeACAQ&aid=304142&ucfs=1&arphpl=1&checkin=2025-10-13&checkout=2025-10-14&dest_id=-3715887&dest_type=city&group_adults=2&req_adults=2&no_rooms=1&group_children=0&req_children=0&hpos=15&hapos=86&sr_order=popularity&srpvid=7ee339dd707602b5&srepoch=1759479244&all_sr_blocks=314161303_130051381_2_0_0&highlighted_blocks=314161303_130051381_2_0_0&matching_block_id=314161303_130051381_2_0_0&sr_pri_blocks=314161303_130051381_2_0_0__23900000&from=searchresults
Lucky Home,250000,"Mon, Oct 6","Tue, Oct 7",8.0,3,Hue,296,Very Good,https://www.booking.com/hotel/vn/lucky-home-thanh-pho-hue1.html?label=gen173nr-10CAEoggI46AdIM1gEaPQBiAEBmAEzuAEXyAEM2AED6AEB-AEBiAIBqAIBuAK78OPGBsACAdICJDg2NTdiNzM2LTFhYTYtNDAzNC1hZmUyLWRiYzA1ZDFiZDJlN9gCAeACAQ&aid=304142&ucfs=1&arphpl=1&checkin=2025-10-06&checkout=2025-10-07&dest_id=-3715887&dest_type=city&group_adults=2&req_adults=2&no_rooms=1&group_children=0&req_children=0&hpos=16&hapos=87&sr_order=popularity&srpvid=7ee339dd707602b5&srepoch=1759479244&all_sr_blocks=925139902_373754129_2_0_0&highlighted_blocks=925139902_373754129_2_0_0&matching_block_id=925139902_373754129_2_0_0&sr_pri_blocks=925139902_373754129_2_0_0__25000000&from=searchresults
KLY Hotel,700000,"Mon, Oct 6","Tue, Oct 7",8.3,0,Hue,184,Very Good,https://www.booking.com/hotel/vn/kly-hue1.html?label=gen173nr-10CAEoggI46AdIM1gEaPQBiAEBmAEzuAEXyAEM2AED6AEB-AEBiAIBqAIBuAK78OPGBsACAdICJDg2NTdiNzM2LTFhYTYtNDAzNC1hZmUyLWRiYzA1ZDFiZDJlN9gCAeACAQ&aid=304142&ucfs=1&arphpl=1&checkin=2025-10-06&checkout=2025-10-07&dest_id=-3715887&dest_type=city&group_adults=2&req_adults=2&no_rooms=1&group_children=0&req_children=0&hpos=17&hapos=88&sr_order=popularity&srpvid=7ee339dd707602b5&srepoch=1759479244&all_sr_blocks=900463108_360725402_2_0_0&highlighted_blocks=900463108_360725402_2_0_0&matching_block_id=900463108_360725402_2_0_0&sr_pri_blocks=900463108_360725402_2_0_0__28700000&from=searchresults
Forest Tag - 6/8 Ha Noi,765000,"Mon, Oct 6","Tue, Oct 7",8.3,0,Hue,58,Very Good,https://www.booking.com/hotel/vn/forest-tag-6-8-ha-noi.html?label=gen173nr-10CAEoggI46AdIM1gEaPQBiAEBmAEzuAEXyAEM2AED6AEB-AEBiAIBqAIBuAK78OPGBsACAdICJDg2NTdiNzM2LTFhYTYtNDAzNC1hZmUyLWRiYzA1ZDFiZDJlN9gCAeACAQ&aid=304142&ucfs=1&arphpl=1&checkin=2025-10-06&checkout=2025-10-07&dest_id=-3715887&dest_type=city&group_adults=2&req_adults=2&no_rooms=1&group_children=0&req_children=0&hpos=18&hapos=89&sr_order=popularity&srpvid=7ee339dd707602b5&srepoch=1759479244&all_sr_blocks=1095109802_382421085_2_0_0&highlighted_blocks=1095109802_382421085_2_0_0&matching_block_id=1095109802_382421085_2_0_0&sr_pri_blocks=1095109802_382421085_2_0_0__76500000&from=searchresults
The Scarlett Boutique Hotel,946049,"Mon, Oct 20","Tue, Oct 21",9.4,3,Hue,1321,Wonderful,https://www.booking.com/hotel/vn/the-scarlett-boutique.html?label=gen173nr-10CAEoggI46AdIM1gEaPQBiAEBmAEzuAEXyAEM2AED6AEB-AEBiAIBqAIBuAK78OPGBsACAdICJDg2NTdiNzM2LTFhYTYtNDAzNC1hZmUyLWRiYzA1ZDFiZDJlN9gCAeACAQ&aid=304142&ucfs=1&arphpl=1&checkin=2025-10-20&checkout=2025-10-21&dest_id=-3715887&dest_type=city&group_adults=2&req_adults=2&no_rooms=1&group_children=0&req_children=0&hpos=19&hapos=90&sr_order=popularity&srpvid=7ee339dd707602b5&srepoch=1759479244&all_sr_blocks=188118901_121941321_0_0_0&highlighted_blocks=188118901_121941321_0_0_0&matching_block_id=188118901_121941321_0_0_0&sr_pri_blocks=188118901_121941321_0_0_0__91766800&from=searchresults
Shine Hue Hotel 2,261000,"Mon, Oct 6","Tue, Oct 7",7.9,0,Hue,122,Good,https://www.booking.com/hotel/vn/shine-hue.html?label=gen173nr-10CAEoggI46AdIM1gEaPQBiAEBmAEzuAEXyAEM2AED6AEB-AEBiAIBqAIBuAK78OPGBsACAdICJDg2NTdiNzM2LTFhYTYtNDAzNC1hZmUyLWRiYzA1ZDFiZDJlN9gCAeACAQ&aid=304142&ucfs=1&arphpl=1&checkin=2025-10-06&checkout=2025-10-07&dest_id=-3715887&dest_type=city&group_adults=2&req_adults=2&no_rooms=1&group_children=0&req_children=0&hpos=20&hapos=91&sr_order=popularity&srpvid=7ee339dd707602b5&srepoch=1759479244&all_sr_blocks=1321101801_404800867_2_0_0_739935&highlighted_blocks=1321101801_404800867_2_0_0_739935&matching_block_id=1321101801_404800867_2_0_0_739935&sr_pri_blocks=1321101801_404800867_2_0_0_739935_26100000&from=searchresults
Moonlight Boutique Hotel,447712,"Mon, Oct 6","Tue, Oct 7",9.0,0,Hue,163,Wonderful,https://www.booking.com/hotel/vn/moonlight-boutique.html?label=gen173nr-10CAEoggI46AdIM1gEaPQBiAEBmAEzuAEXyAEM2AED6AEB-AEBiAIBqAIBuAK78OPGBsACAdICJDg2NTdiNzM2LTFhYTYtNDAzNC1hZmUyLWRiYzA1ZDFiZDJlN9gCAeACAQ&aid=304142&ucfs=1&arphpl=1&checkin=2025-10-06&checkout=2025-10-07&dest_id=-3715887&dest_type=city&group_adults=2&req_adults=2&no_rooms=1&group_children=0&req_children=0&hpos=21&hapos=92&sr_order=popularity&srpvid=7ee339dd707602b5&srepoch=1759479244&all_sr_blocks=1261959001_0_2_1_0&highlighted_blocks=1261959001_0_2_1_0&matching_block_id=1261959001_0_2_1_0&sr_pri_blocks=1261959001_0_2_1_0__44771243&from=searchresults
Maya Homestay,270000,"Mon, Oct 6","Tue, Oct 7",9.4,0,Hue,268,Wonderful,https://www.booking.com/hotel/vn/maya-homestay-thanh-pho-hue2.html?label=gen173nr-10CAEoggI46AdIM1gEaPQBiAEBmAEzuAEXyAEM2AED6AEB-AEBiAIBqAIBuAK78OPGBsACAdICJDg2NTdiNzM2LTFhYTYtNDAzNC1hZmUyLWRiYzA1ZDFiZDJlN9gCAeACAQ&aid=304142&ucfs=1&arphpl=1&checkin=2025-10-06&checkout=2025-10-07&dest_id=-3715887&dest_type=city&group_adults=2&req_adults=2&no_rooms=1&group_children=0&req_children=0&hpos=22&hapos=93&sr_order=popularity&srpvid=7ee339dd707602b5&srepoch=1759479244&all_sr_blocks=1023172202_374758225_2_0_0&highlighted_blocks=1023172202_374758225_2_0_0&matching_block_id=1023172202_374758225_2_0_0&sr_pri_blocks=1023172202_374758225_2_0_0__27000000&from=searchresults
TRUONG PHU HOUSE - HOTEL & APARTMENT,653087,"Mon, Oct 6","Tue, Oct 7",9.1,3,Hue,286,Wonderful,https://www.booking.com/hotel/vn/truong-phu-house-amp-apartment.html?label=gen173nr-10CAEoggI46AdIM1gEaPQBiAEBmAEzuAEXyAEM2AED6AEB-AEBiAIBqAIBuAK78OPGBsACAdICJDg2NTdiNzM2LTFhYTYtNDAzNC1hZmUyLWRiYzA1ZDFiZDJlN9gCAeACAQ&aid=304142&ucfs=1&arphpl=1&checkin=2025-10-06&checkout=2025-10-07&dest_id=-3715887&dest_type=city&group_adults=2&req_adults=2&no_rooms=1&group_children=0&req_children=0&hpos=23&hapos=94&sr_order=popularity&srpvid=7ee339dd707602b5&srepoch=1759479244&all_sr_blocks=1140667001_390921634_2_1_0&highlighted_blocks=1140667001_390921634_2_1_0&matching_block_id=1140667001_390921634_2_1_0&sr_pri_blocks=1140667001_390921634_2_1_0__65308700&from=searchresults
TA Hotel - Hue City Center,579175,"Mon, Oct 6","Tue, Oct 7",9.5,4,Hue,24,Exceptional,https://www.booking.com/hotel/vn/ta-boutique-hue.html?label=gen173nr-10CAEoggI46AdIM1gEaPQBiAEBmAEzuAEXyAEM2AED6AEB-AEBiAIBqAIBuAK78OPGBsACAdICJDg2NTdiNzM2LTFhYTYtNDAzNC1hZmUyLWRiYzA1ZDFiZDJlN9gCAeACAQ&aid=304142&ucfs=1&arphpl=1&checkin=2025-10-06&checkout=2025-10-07&dest_id=-3715887&dest_type=city&group_adults=2&req_adults=2&no_rooms=1&group_children=0&req_children=0&hpos=24&hapos=95&sr_order=popularity&srpvid=7ee339dd707602b5&srepoch=1759479244&all_sr_blocks=1440030701_0_2_0_0&highlighted_blocks=1440030701_0_2_0_0&matching_block_id=1440030701_0_2_0_0&sr_pri_blocks=1440030701_0_2_0_0__57917516&from=searchresults
Hong Thien 1 Hotel,350000,"Mon, Oct 6","Tue, Oct 7",8.7,2,Hue,407,Excellent,https://www.booking.com/hotel/vn/hong-thien-1.html?label=gen173nr-10CAEoggI46AdIM1gEaPQBiAEBmAEzuAEXyAEM2AED6AEB-AEBiAIBqAIBuAK78OPGBsACAdICJDg2NTdiNzM2LTFhYTYtNDAzNC1hZmUyLWRiYzA1ZDFiZDJlN9gCAeACAQ&aid=304142&ucfs=1&arphpl=1&checkin=2025-10-06&checkout=2025-10-07&dest_id=-3715887&dest_type=city&group_adults=2&req_adults=2&no_rooms=1&group_children=0&req_children=0&hpos=25&hapos=96&sr_order=popularity&srpvid=7ee339dd707602b5&srepoch=1759479244&all_sr_blocks=564864206_223908646_2_0_0&highlighted_blocks=564864206_223908646_2_0_0&matching_block_id=564864206_223908646_2_0_0&sr_pri_blocks=564864206_223908646_2_0_0__35000000&from=searchresults
Le Carré Huế,1800000,"Mon, Oct 6","Tue, Oct 7",8.7,0,Hue,3,Excellent,https://www.booking.com/hotel/vn/le-carre-hue.html?label=gen173nr-10CAEoggI46AdIM1gEaPQBiAEBmAEzuAEXyAEM2AED6AEB-AEBiAIBqAIBuAK78OPGBsACAdICJDg2NTdiNzM2LTFhYTYtNDAzNC1hZmUyLWRiYzA1ZDFiZDJlN9gCAeACAQ&aid=304142&ucfs=1&arphpl=1&checkin=2025-10-06&checkout=2025-10-07&dest_id=-3715887&dest_type=city&group_adults=2&req_adults=2&no_rooms=1&group_children=0&req_children=0&hpos=1&hapos=97&sr_order=popularity&srpvid=7ee339dd707602b5&srepoch=1759479252&all_sr_blocks=1358628508_418456226_2_1_0&highlighted_blocks=1358628508_418456226_2_1_0&matching_block_id=1358628508_418456226_2_1_0&sr_pri_blocks=1358628508_418456226_2_1_0__126000000&from=searchresults
The Sunriver Boutique Hotel Hue,1450000,"Mon, Oct 6","Tue, Oct 7",7.4,3,Hue,867,Good,https://www.booking.com/hotel/vn/riverview.html?label=gen173nr-10CAEoggI46AdIM1gEaPQBiAEBmAEzuAEXyAEM2AED6AEB-AEBiAIBqAIBuAK78OPGBsACAdICJDg2NTdiNzM2LTFhYTYtNDAzNC1hZmUyLWRiYzA1ZDFiZDJlN9gCAeACAQ&aid=304142&ucfs=1&arphpl=1&checkin=2025-10-06&checkout=2025-10-07&dest_id=-3715887&dest_type=city&group_adults=2&req_adults=2&no_rooms=1&group_children=0&req_children=0&hpos=2&hapos=98&sr_order=popularity&srpvid=7ee339dd707602b5&srepoch=1759479252&all_sr_blocks=26444517_353391841_0_0_0_490816&highlighted_blocks=26444517_353391841_0_0_0_490816&matching_block_id=26444517_353391841_0_0_0_490816&sr_pri_blocks=26444517_353391841_0_0_0_490816_49300000&from=searchresults
Mickey Homestay Hue,270000,"Mon, Oct 6","Tue, Oct 7",7.8,0,Hue,168,Good,https://www.booking.com/hotel/vn/green-zone-thanh-pho-hue.html?label=gen173nr-10CAEoggI46AdIM1gEaPQBiAEBmAEzuAEXyAEM2AED6AEB-AEBiAIBqAIBuAK78OPGBsACAdICJDg2NTdiNzM2LTFhYTYtNDAzNC1hZmUyLWRiYzA1ZDFiZDJlN9gCAeACAQ&aid=304142&ucfs=1&arphpl=1&checkin=2025-10-06&checkout=2025-10-07&dest_id=-3715887&dest_type=city&group_adults=2&req_adults=2&no_rooms=1&group_children=0&req_children=0&hpos=3&hapos=99&sr_order=popularity&srpvid=7ee339dd707602b5&srepoch=1759479252&all_sr_blocks=862258301_391436528_2_2_0&highlighted_blocks=862258301_391436528_2_2_0&matching_block_id=862258301_391436528_2_2_0&sr_pri_blocks=862258301_391436528_2_2_0__27000000&from=searchresults
SKY Homestay,980000,"Mon, Oct 6","Tue, Oct 7",9.8,3,Hue,35,Exceptional,https://www.booking.com/hotel/vn/sky-homestay-thanh-pho-hue.html?label=gen173nr-10CAEoggI46AdIM1gEaPQBiAEBmAEzuAEXyAEM2AED6AEB-AEBiAIBqAIBuAK78OPGBsACAdICJDg2NTdiNzM2LTFhYTYtNDAzNC1hZmUyLWRiYzA1ZDFiZDJlN9gCAeACAQ&aid=304142&ucfs=1&arphpl=1&checkin=2025-10-06&checkout=2025-10-07&dest_id=-3715887&dest_type=city&group_adults=2&req_adults=2&no_rooms=1&group_children=0&req_children=0&hpos=4&hapos=100&sr_order=popularity&srpvid=7ee339dd707602b5&srepoch=1759479252&all_sr_blocks=1390590504_411029165_2_1_0&highlighted_blocks=1390590504_411029165_2_1_0&matching_block_id=1390590504_411029165_2_1_0&sr_pri_blocks=1390590504_411029165_2_1_0__49000000&from=searchresults
SALA HOTEL HUE,450000,"Mon, Oct 6","Tue, Oct 7",7.7,3,Hue,356,Good,https://www.booking.com/hotel/vn/sala-hue.html?label=gen173nr-10CAEoggI46AdIM1gEaPQBiAEBmAEzuAEXyAEM2AED6AEB-AEBiAIBqAIBuAK78OPGBsACAdICJDg2NTdiNzM2LTFhYTYtNDAzNC1hZmUyLWRiYzA1ZDFiZDJlN9gCAeACAQ&aid=304142&ucfs=1&arphpl=1&checkin=2025-10-06&checkout=2025-10-07&dest_id=-3715887&dest_type=city&group_adults=2&req_adults=2&no_rooms=1&group_children=0&req_children=0&hpos=5&hapos=101&sr_order=popularity&srpvid=7ee339dd707602b5&srepoch=1759479252&all_sr_blocks=1078905501_380491622_2_1_0&highlighted_blocks=1078905501_380491622_2_1_0&matching_block_id=1078905501_380491622_2_1_0&sr_pri_blocks=1078905501_380491622_2_1_0__45000000&from=searchresults
Gahi Homestay,1062000,"Mon, Oct 6","Tue, Oct 7",9.4,0,Hue,207,Wonderful,https://www.booking.com/hotel/vn/gahi-homestay-hue3.html?label=gen173nr-10CAEoggI46AdIM1gEaPQBiAEBmAEzuAEXyAEM2AED6AEB-AEBiAIBqAIBuAK78OPGBsACAdICJDg2NTdiNzM2LTFhYTYtNDAzNC1hZmUyLWRiYzA1ZDFiZDJlN9gCAeACAQ&aid=304142&ucfs=1&arphpl=1&checkin=2025-10-06&checkout=2025-10-07&dest_id=-3715887&dest_type=city&group_adults=2&req_adults=2&no_rooms=1&group_children=0&req_children=0&hpos=6&hapos=102&sr_order=popularity&srpvid=7ee339dd707602b5&srepoch=1759479252&all_sr_blocks=1276552501_400549872_2_1_0&highlighted_blocks=1276552501_400549872_2_1_0&matching_block_id=1276552501_400549872_2_1_0&sr_pri_blocks=1276552501_400549872_2_1_0__106200000&from=searchresults
SOLEIL BOUTIQUE,414979,"Mon, Oct 6","Tue, Oct 7",8.9,3,Hue,1375,Excellent,https://www.booking.com/hotel/vn/soleil-boutique-thanh-pho-hue.html?label=gen173nr-10CAEoggI46AdIM1gEaPQBiAEBmAEzuAEXyAEM2AED6AEB-AEBiAIBqAIBuAK78OPGBsACAdICJDg2NTdiNzM2LTFhYTYtNDAzNC1hZmUyLWRiYzA1ZDFiZDJlN9gCAeACAQ&aid=304142&ucfs=1&arphpl=1&checkin=2025-10-06&checkout=2025-10-07&dest_id=-3715887&dest_type=city&group_adults=2&req_adults=2&no_rooms=1&group_children=0&req_children=0&hpos=7&hapos=103&sr_order=popularity&srpvid=7ee339dd707602b5&srepoch=1759479252&all_sr_blocks=683932902_0_2_1_0&highlighted_blocks=683932902_0_2_1_0&matching_block_id=683932902_0_2_1_0&sr_pri_blocks=683932902_0_2_1_0__41497874&from=searchresults
Rose's Homestay Hue,315000,"Mon, Oct 6","Tue, Oct 7",9.6,0,Hue,46,Exceptional,https://www.booking.com/hotel/vn/roses-homestay-hue.html?label=gen173nr-10CAEoggI46AdIM1gEaPQBiAEBmAEzuAEXyAEM2AED6AEB-AEBiAIBqAIBuAK78OPGBsACAdICJDg2NTdiNzM2LTFhYTYtNDAzNC1hZmUyLWRiYzA1ZDFiZDJlN9gCAeACAQ&aid=304142&ucfs=1&arphpl=1&checkin=2025-10-06&checkout=2025-10-07&dest_id=-3715887&dest_type=city&group_adults=2&req_adults=2&no_rooms=1&group_children=0&req_children=0&hpos=8&hapos=104&sr_order=popularity&srpvid=7ee339dd707602b5&srepoch=1759479252&all_sr_blocks=1249099002_397260801_2_0_0&highlighted_blocks=1249099002_397260801_2_0_0&matching_block_id=1249099002_397260801_2_0_0&sr_pri_blocks=1249099002_397260801_2_0_0__31500000&from=searchresults
Việt Nam Hotel,793800,"Mon, Nov 3","Tue, Nov 4",8.5,0,Hue,654,Very Good,https://www.booking.com/hotel/vn/vina-spa.html?label=gen173nr-10CAEoggI46AdIM1gEaPQBiAEBmAEzuAEXyAEM2AED6AEB-AEBiAIBqAIBuAK78OPGBsACAdICJDg2NTdiNzM2LTFhYTYtNDAzNC1hZmUyLWRiYzA1ZDFiZDJlN9gCAeACAQ&aid=304142&ucfs=1&arphpl=1&checkin=2025-11-03&checkout=2025-11-04&dest_id=-3715887&dest_type=city&group_adults=2&req_adults=2&no_rooms=1&group_children=0&req_children=0&hpos=9&hapos=105&sr_order=popularity&srpvid=7ee339dd707602b5&srepoch=1759479252&all_sr_blocks=965935301_380472281_0_0_0_661345&highlighted_blocks=965935301_380472281_0_0_0_661345&matching_block_id=965935301_380472281_0_0_0_661345&sr_pri_blocks=965935301_380472281_0_0_0_661345_43659000&from=searchresults
Gardenia Hue Hotel,458800,"Mon, Oct 6","Tue, Oct 7",9.0,3,Hue,588,Wonderful,https://www.booking.com/hotel/vn/gardenia-hue.html?label=gen173nr-10CAEoggI46AdIM1gEaPQBiAEBmAEzuAEXyAEM2AED6AEB-AEBiAIBqAIBuAK78OPGBsACAdICJDg2NTdiNzM2LTFhYTYtNDAzNC1hZmUyLWRiYzA1ZDFiZDJlN9gCAeACAQ&aid=304142&ucfs=1&arphpl=1&checkin=2025-10-06&checkout=2025-10-07&dest_id=-3715887&dest_type=city&group_adults=2&req_adults=2&no_rooms=1&group_children=0&req_children=0&hpos=10&hapos=106&sr_order=popularity&srpvid=7ee339dd707602b5&srepoch=1759479252&all_sr_blocks=361188108_0_2_1_0&highlighted_blocks=361188108_0_2_1_0&matching_block_id=361188108_0_2_1_0&sr_pri_blocks=361188108_0_2_1_0__45879965&from=searchresults
Vina Spa Hotel,390956,"Mon, Oct 6","Tue, Oct 7",8.6,0,Hue,320,Excellent,https://www.booking.com/hotel/vn/vina-hue-thanh-pho-hue.html?label=gen173nr-10CAEoggI46AdIM1gEaPQBiAEBmAEzuAEXyAEM2AED6AEB-AEBiAIBqAIBuAK78OPGBsACAdICJDg2NTdiNzM2LTFhYTYtNDAzNC1hZmUyLWRiYzA1ZDFiZDJlN9gCAeACAQ&aid=304142&ucfs=1&arphpl=1&checkin=2025-10-06&checkout=2025-10-07&dest_id=-3715887&dest_type=city&group_adults=2&req_adults=2&no_rooms=1&group_children=0&req_children=0&hpos=11&hapos=107&sr_order=popularity&srpvid=7ee339dd707602b5&srepoch=1759479252&all_sr_blocks=1044530201_0_2_0_0&highlighted_blocks=1044530201_0_2_0_0&matching_block_id=1044530201_0_2_0_0&sr_pri_blocks=1044530201_0_2_0_0__39095643&from=searchresults
La Y Riverview,2200000,"Mon, Oct 6","Tue, Oct 7",9.5,4,Hue,294,Exceptional,https://www.booking.com/hotel/vn/la-y-villa.html?label=gen173nr-10CAEoggI46AdIM1gEaPQBiAEBmAEzuAEXyAEM2AED6AEB-AEBiAIBqAIBuAK78OPGBsACAdICJDg2NTdiNzM2LTFhYTYtNDAzNC1hZmUyLWRiYzA1ZDFiZDJlN9gCAeACAQ&aid=304142&ucfs=1&arphpl=1&checkin=2025-10-06&checkout=2025-10-07&dest_id=-3715887&dest_type=city&group_adults=2&req_adults=2&no_rooms=1&group_children=0&req_children=0&hpos=12&hapos=108&sr_order=popularity&srpvid=7ee339dd707602b5&srepoch=1759479252&all_sr_blocks=973165107_381282924_2_1_0&highlighted_blocks=973165107_381282924_2_1_0&matching_block_id=973165107_381282924_2_1_0&sr_pri_blocks=973165107_381282924_2_1_0__77000000&from=searchresults
TTC Imperial Hotel,3128000,"Mon, Oct 20","Tue, Oct 21",9.0,5,Hue,980,Wonderful,https://www.booking.com/hotel/vn/imperial-hue-hue-city.html?label=gen173nr-10CAEoggI46AdIM1gEaPQBiAEBmAEzuAEXyAEM2AED6AEB-AEBiAIBqAIBuAK78OPGBsACAdICJDg2NTdiNzM2LTFhYTYtNDAzNC1hZmUyLWRiYzA1ZDFiZDJlN9gCAeACAQ&aid=304142&ucfs=1&arphpl=1&checkin=2025-10-20&checkout=2025-10-21&dest_id=-3715887&dest_type=city&group_adults=2&req_adults=2&no_rooms=1&group_children=0&req_children=0&hpos=13&hapos=109&sr_order=popularity&srpvid=7ee339dd707602b5&srepoch=1759479252&all_sr_blocks=19160839_347217686_0_1_0&highlighted_blocks=19160839_347217686_0_1_0&matching_block_id=19160839_347217686_0_1_0&sr_pri_blocks=19160839_347217686_0_1_0__140760000&from=searchresults
Lam Garden Boutique Homestay,796000,"Mon, Oct 6","Tue, Oct 7",9.9,0,Hue,296,Exceptional,https://www.booking.com/hotel/vn/lam-garden-boutique-homestay.html?label=gen173nr-10CAEoggI46AdIM1gEaPQBiAEBmAEzuAEXyAEM2AED6AEB-AEBiAIBqAIBuAK78OPGBsACAdICJDg2NTdiNzM2LTFhYTYtNDAzNC1hZmUyLWRiYzA1ZDFiZDJlN9gCAeACAQ&aid=304142&ucfs=1&arphpl=1&checkin=2025-10-06&checkout=2025-10-07&dest_id=-3715887&dest_type=city&group_adults=2&req_adults=2&no_rooms=1&group_children=0&req_children=0&hpos=14&hapos=110&sr_order=popularity&srpvid=7ee339dd707602b5&srepoch=1759479252&all_sr_blocks=603910201_387257094_2_1_0&highlighted_blocks=603910201_387257094_2_1_0&matching_block_id=603910201_387257094_2_1_0&sr_pri_blocks=603910201_387257094_2_1_0__44576000&from=searchresults
Hue Imperial Hostel,1709000,"Mon, Oct 13","Tue, Oct 14",9.4,0,Hue,15,Wonderful,https://www.booking.com/hotel/vn/hue-imperial-hostel.html?label=gen173nr-10CAEoggI46AdIM1gEaPQBiAEBmAEzuAEXyAEM2AED6AEB-AEBiAIBqAIBuAK78OPGBsACAdICJDg2NTdiNzM2LTFhYTYtNDAzNC1hZmUyLWRiYzA1ZDFiZDJlN9gCAeACAQ&aid=304142&ucfs=1&arphpl=1&checkin=2025-10-13&checkout=2025-10-14&dest_id=-3715887&dest_type=city&group_adults=2&req_adults=2&no_rooms=1&group_children=0&req_children=0&hpos=15&hapos=111&sr_order=popularity&srpvid=7ee339dd707602b5&srepoch=1759479252&all_sr_blocks=1454504003_420546741_2_1_0&highlighted_blocks=1454504003_420546741_2_1_0&matching_block_id=1454504003_420546741_2_1_0&sr_pri_blocks=1454504003_420546741_2_1_0__35889000&from=searchresults
Tò Vò Hostel Huế,737550,"Mon, Oct 6","Tue, Oct 7",8.9,0,Hue,961,Excellent,https://www.booking.com/hotel/vn/tovo-hostel.html?label=gen173nr-10CAEoggI46AdIM1gEaPQBiAEBmAEzuAEXyAEM2AED6AEB-AEBiAIBqAIBuAK78OPGBsACAdICJDg2NTdiNzM2LTFhYTYtNDAzNC1hZmUyLWRiYzA1ZDFiZDJlN9gCAeACAQ&aid=304142&ucfs=1&arphpl=1&checkin=2025-10-06&checkout=2025-10-07&dest_id=-3715887&dest_type=city&group_adults=2&req_adults=2&no_rooms=1&group_children=0&req_children=0&hpos=16&hapos=112&sr_order=popularity&srpvid=7ee339dd707602b5&srepoch=1759479252&all_sr_blocks=439920910_361695856_2_2_0&highlighted_blocks=439920910_361695856_2_2_0&matching_block_id=439920910_361695856_2_2_0&sr_pri_blocks=439920910_361695856_2_2_0__55316300&from=searchresults
Bien Khoi Mini Hotel,199000,"Mon, Oct 6","Tue, Oct 7",6.5,2,Hue,116,Review score,https://www.booking.com/hotel/vn/bien-khoi.html?label=gen173nr-10CAEoggI46AdIM1gEaPQBiAEBmAEzuAEXyAEM2AED6AEB-AEBiAIBqAIBuAK78OPGBsACAdICJDg2NTdiNzM2LTFhYTYtNDAzNC1hZmUyLWRiYzA1ZDFiZDJlN9gCAeACAQ&aid=304142&ucfs=1&arphpl=1&checkin=2025-10-06&checkout=2025-10-07&dest_id=-3715887&dest_type=city&group_adults=2&req_adults=2&no_rooms=1&group_children=0&req_children=0&hpos=17&hapos=113&sr_order=popularity&srpvid=7ee339dd707602b5&srepoch=1759479252&all_sr_blocks=178796105_125363666_2_2_0&highlighted_blocks=178796105_125363666_2_2_0&matching_block_id=178796105_125363666_2_2_0&sr_pri_blocks=178796105_125363666_2_2_0__19900000&from=searchresults
Friendly House Homestay,290000,"Mon, Oct 13","Tue, Oct 14",8.6,0,Hue,269,Excellent,https://www.booking.com/hotel/vn/friendly-house-hostel.html?label=gen173nr-10CAEoggI46AdIM1gEaPQBiAEBmAEzuAEXyAEM2AED6AEB-AEBiAIBqAIBuAK78OPGBsACAdICJDg2NTdiNzM2LTFhYTYtNDAzNC1hZmUyLWRiYzA1ZDFiZDJlN9gCAeACAQ&aid=304142&ucfs=1&arphpl=1&checkin=2025-10-13&checkout=2025-10-14&dest_id=-3715887&dest_type=city&group_adults=2&req_adults=2&no_rooms=1&group_children=0&req_children=0&hpos=18&hapos=114&sr_order=popularity&srpvid=7ee339dd707602b5&srepoch=1759479252&all_sr_blocks=322007707_182790192_0_0_0&highlighted_blocks=322007707_182790192_0_0_0&matching_block_id=322007707_182790192_0_0_0&sr_pri_blocks=322007707_182790192_0_0_0__29000000&from=searchresults
ANH’s HOUSE,350000,"Mon, Oct 6","Tue, Oct 7",9.3,4,Hue,227,Wonderful,https://www.booking.com/hotel/vn/anhs-house-thanh-pho-hue.html?label=gen173nr-10CAEoggI46AdIM1gEaPQBiAEBmAEzuAEXyAEM2AED6AEB-AEBiAIBqAIBuAK78OPGBsACAdICJDg2NTdiNzM2LTFhYTYtNDAzNC1hZmUyLWRiYzA1ZDFiZDJlN9gCAeACAQ&aid=304142&ucfs=1&arphpl=1&checkin=2025-10-06&checkout=2025-10-07&dest_id=-3715887&dest_type=city&group_adults=2&req_adults=2&no_rooms=1&group_children=0&req_children=0&hpos=19&hapos=115&sr_order=popularity&srpvid=7ee339dd707602b5&srepoch=1759479252&all_sr_blocks=959621001_381664376_2_0_0&highlighted_blocks=959621001_381664376_2_0_0&matching_block_id=959621001_381664376_2_0_0&sr_pri_blocks=959621001_381664376_2_0_0__35000000&from=searchresults
SBH Gloria Hue,690000,"Mon, Oct 6","Tue, Oct 7",8.7,3,Hue,58,Excellent,https://www.booking.com/hotel/vn/sbh-gloria-hue.html?label=gen173nr-10CAEoggI46AdIM1gEaPQBiAEBmAEzuAEXyAEM2AED6AEB-AEBiAIBqAIBuAK78OPGBsACAdICJDg2NTdiNzM2LTFhYTYtNDAzNC1hZmUyLWRiYzA1ZDFiZDJlN9gCAeACAQ&aid=304142&ucfs=1&arphpl=1&checkin=2025-10-06&checkout=2025-10-07&dest_id=-3715887&dest_type=city&group_adults=2&req_adults=2&no_rooms=1&group_children=0&req_children=0&hpos=20&hapos=116&sr_order=popularity&srpvid=7ee339dd707602b5&srepoch=1759479252&all_sr_blocks=1292818401_415327133_0_1_0&highlighted_blocks=1292818401_415327133_0_1_0&matching_block_id=1292818401_415327133_0_1_0&sr_pri_blocks=1292818401_415327133_0_1_0__69000000&from=searchresults
1995S Hostel,567000,"Mon, Oct 6","Tue, Oct 7",9.1,0,Hue,52,Wonderful,https://www.booking.com/hotel/vn/1995s-hostel-thanh-pho-hue.html?label=gen173nr-10CAEoggI46AdIM1gEaPQBiAEBmAEzuAEXyAEM2AED6AEB-AEBiAIBqAIBuAK78OPGBsACAdICJDg2NTdiNzM2LTFhYTYtNDAzNC1hZmUyLWRiYzA1ZDFiZDJlN9gCAeACAQ&aid=304142&ucfs=1&arphpl=1&checkin=2025-10-06&checkout=2025-10-07&dest_id=-3715887&dest_type=city&group_adults=2&req_adults=2&no_rooms=1&group_children=0&req_children=0&hpos=21&hapos=117&sr_order=popularity&srpvid=7ee339dd707602b5&srepoch=1759479252&all_sr_blocks=1319969302_404702289_0_32_0&highlighted_blocks=1319969302_404702289_0_32_0&matching_block_id=1319969302_404702289_0_32_0&sr_pri_blocks=1319969302_404702289_0_32_0__56700000&from=searchresults
Galaxy Hotel,350000,"Mon, Oct 6","Tue, Oct 7",9.0,0,Hue,,Wonderful,https://www.booking.com/hotel/vn/galaxy-thanh-pho-hue.html?label=gen173nr-10CAEoggI46AdIM1gEaPQBiAEBmAEzuAEXyAEM2AED6AEB-AEBiAIBqAIBuAK78OPGBsACAdICJDg2NTdiNzM2LTFhYTYtNDAzNC1hZmUyLWRiYzA1ZDFiZDJlN9gCAeACAQ&aid=304142&ucfs=1&arphpl=1&checkin=2025-10-06&checkout=2025-10-07&dest_id=-3715887&dest_type=city&group_adults=2&req_adults=2&no_rooms=1&group_children=0&req_children=0&hpos=22&hapos=118&sr_order=popularity&srpvid=7ee339dd707602b5&srepoch=1759479252&all_sr_blocks=1476959901_419139161_2_0_0&highlighted_blocks=1476959901_419139161_2_0_0&matching_block_id=1476959901_419139161_2_0_0&sr_pri_blocks=1476959901_419139161_2_0_0__35000000&from=searchresults
Hue Ancient Town - Homestay in Hue,1360000,"Mon, Oct 13","Tue, Oct 14",9.1,0,Hue,190,Wonderful,https://www.booking.com/hotel/vn/hue-ancient-homestay.html?label=gen173nr-10CAEoggI46AdIM1gEaPQBiAEBmAEzuAEXyAEM2AED6AEB-AEBiAIBqAIBuAK78OPGBsACAdICJDg2NTdiNzM2LTFhYTYtNDAzNC1hZmUyLWRiYzA1ZDFiZDJlN9gCAeACAQ&aid=304142&ucfs=1&arphpl=1&checkin=2025-10-13&checkout=2025-10-14&dest_id=-3715887&dest_type=city&group_adults=2&req_adults=2&no_rooms=1&group_children=0&req_children=0&hpos=23&hapos=119&sr_order=popularity&srpvid=7ee339dd707602b5&srepoch=1759479252&all_sr_blocks=1325658906_405176893_0_2_0&highlighted_blocks=1325658906_405176893_0_2_0&matching_block_id=1325658906_405176893_0_2_0&sr_pri_blocks=1325658906_405176893_0_2_0__28560000&from=searchresults
Indochine Palace,1646188,"Mon, Oct 6","Tue, Oct 7",9.3,5,Hue,609,Wonderful,https://www.booking.com/hotel/vn/indochine-palace.html?label=gen173nr-10CAEoggI46AdIM1gEaPQBiAEBmAEzuAEXyAEM2AED6AEB-AEBiAIBqAIBuAK78OPGBsACAdICJDg2NTdiNzM2LTFhYTYtNDAzNC1hZmUyLWRiYzA1ZDFiZDJlN9gCAeACAQ&aid=304142&ucfs=1&arphpl=1&checkin=2025-10-06&checkout=2025-10-07&dest_id=-3715887&dest_type=city&group_adults=2&req_adults=2&no_rooms=1&group_children=0&req_children=0&hpos=24&hapos=120&sr_order=popularity&srpvid=7ee339dd707602b5&srepoch=1759479252&all_sr_blocks=38498101_0_2_1_0&highlighted_blocks=38498101_0_2_1_0&matching_block_id=38498101_0_2_1_0&sr_pri_blocks=38498101_0_2_1_0__164618792&from=searchresults
1979 Homestay 1,316514,"Mon, Oct 13","Tue, Oct 14",8.3,0,Hue,49,Very Good,https://www.booking.com/hotel/vn/1979-homestay.html?label=gen173nr-10CAEoggI46AdIM1gEaPQBiAEBmAEzuAEXyAEM2AED6AEB-AEBiAIBqAIBuAK78OPGBsACAdICJDg2NTdiNzM2LTFhYTYtNDAzNC1hZmUyLWRiYzA1ZDFiZDJlN9gCAeACAQ&aid=304142&ucfs=1&arphpl=1&checkin=2025-10-13&checkout=2025-10-14&dest_id=-3715887&dest_type=city&group_adults=2&req_adults=2&no_rooms=1&group_children=0&req_children=0&hpos=1&hapos=121&sr_order=popularity&srpvid=7ee339dd707602b5&srepoch=1759479261&all_sr_blocks=1201211605_0_2_0_0&highlighted_blocks=1201211605_0_2_0_0&matching_block_id=1201211605_0_2_0_0&sr_pri_blocks=1201211605_0_2_0_0__31651368&from=searchresults
Huong Giang Hotel Resort & Spa,833125,"Mon, Oct 6","Tue, Oct 7",8.2,4,Hue,460,Very Good,https://www.booking.com/hotel/vn/huong-giang-resort-spa.html?label=gen173nr-10CAEoggI46AdIM1gEaPQBiAEBmAEzuAEXyAEM2AED6AEB-AEBiAIBqAIBuAK78OPGBsACAdICJDg2NTdiNzM2LTFhYTYtNDAzNC1hZmUyLWRiYzA1ZDFiZDJlN9gCAeACAQ&aid=304142&ucfs=1&arphpl=1&checkin=2025-10-06&checkout=2025-10-07&dest_id=-3715887&dest_type=city&group_adults=2&req_adults=2&no_rooms=1&group_children=0&req_children=0&hpos=2&hapos=122&sr_order=popularity&srpvid=7ee339dd707602b5&srepoch=1759479261&all_sr_blocks=23526907_0_2_1_0&highlighted_blocks=23526907_0_2_1_0&matching_block_id=23526907_0_2_1_0&sr_pri_blocks=23526907_0_2_1_0__83312525&from=searchresults
Hidden Hue Homestay,1105000,"Mon, Oct 6","Tue, Oct 7",8.0,0,Hue,65,Very Good,https://www.booking.com/hotel/vn/hidden-hue-homestay.html?label=gen173nr-10CAEoggI46AdIM1gEaPQBiAEBmAEzuAEXyAEM2AED6AEB-AEBiAIBqAIBuAK78OPGBsACAdICJDg2NTdiNzM2LTFhYTYtNDAzNC1hZmUyLWRiYzA1ZDFiZDJlN9gCAeACAQ&aid=304142&ucfs=1&arphpl=1&checkin=2025-10-06&checkout=2025-10-07&dest_id=-3715887&dest_type=city&group_adults=2&req_adults=2&no_rooms=1&group_children=0&req_children=0&hpos=3&hapos=123&sr_order=popularity&srpvid=7ee339dd707602b5&srepoch=1759479261&all_sr_blocks=861669104_399055691_0_0_0_394217&highlighted_blocks=861669104_399055691_0_0_0_394217&matching_block_id=861669104_399055691_0_0_0_394217&sr_pri_blocks=861669104_399055691_0_0_0_394217_49725000&from=searchresults
Phố Thiên Đường Homestay,378285,"Mon, Oct 13","Tue, Oct 14",8.6,0,Hue,30,Excellent,https://www.booking.com/hotel/vn/pho-thien-duong-homestay-thanh-pho-hue.html?label=gen173nr-10CAEoggI46AdIM1gEaPQBiAEBmAEzuAEXyAEM2AED6AEB-AEBiAIBqAIBuAK78OPGBsACAdICJDg2NTdiNzM2LTFhYTYtNDAzNC1hZmUyLWRiYzA1ZDFiZDJlN9gCAeACAQ&aid=304142&ucfs=1&arphpl=1&checkin=2025-10-13&checkout=2025-10-14&dest_id=-3715887&dest_type=city&group_adults=2&req_adults=2&no_rooms=1&group_children=0&req_children=0&hpos=4&hapos=124&sr_order=popularity&srpvid=7ee339dd707602b5&srepoch=1759479261&all_sr_blocks=1451276201_0_2_0_0&highlighted_blocks=1451276201_0_2_0_0&matching_block_id=1451276201_0_2_0_0&sr_pri_blocks=1451276201_0_2_0_0__37828533&from=searchresults
Lacasa Homestay,539100,"Mon, Oct 6","Tue, Oct 7",8.6,0,Hue,186,Excellent,https://www.booking.com/hotel/vn/lacasa-homestay.html?label=gen173nr-10CAEoggI46AdIM1gEaPQBiAEBmAEzuAEXyAEM2AED6AEB-AEBiAIBqAIBuAK78OPGBsACAdICJDg2NTdiNzM2LTFhYTYtNDAzNC1hZmUyLWRiYzA1ZDFiZDJlN9gCAeACAQ&aid=304142&ucfs=1&arphpl=1&checkin=2025-10-06&checkout=2025-10-07&dest_id=-3715887&dest_type=city&group_adults=2&req_adults=2&no_rooms=1&group_children=0&req_children=0&hpos=5&hapos=125&sr_order=popularity&srpvid=7ee339dd707602b5&srepoch=1759479261&all_sr_blocks=626768802_258673244_2_0_0&highlighted_blocks=626768802_258673244_2_0_0&matching_block_id=626768802_258673244_2_0_0&sr_pri_blocks=626768802_258673244_2_0_0__32346000&from=searchresults
Silk Path Grand Hue Hotel,6402000,"Mon, Oct 6","Tue, Oct 7",9.3,5,Hue,973,Wonderful,https://www.booking.com/hotel/vn/green-hue-hue.html?label=gen173nr-10CAEoggI46AdIM1gEaPQBiAEBmAEzuAEXyAEM2AED6AEB-AEBiAIBqAIBuAK78OPGBsACAdICJDg2NTdiNzM2LTFhYTYtNDAzNC1hZmUyLWRiYzA1ZDFiZDJlN9gCAeACAQ&aid=304142&ucfs=1&arphpl=1&checkin=2025-10-06&checkout=2025-10-07&dest_id=-3715887&dest_type=city&group_adults=2&req_adults=2&no_rooms=1&group_children=0&req_children=0&hpos=6&hapos=126&sr_order=popularity&srpvid=7ee339dd707602b5&srepoch=1759479261&all_sr_blocks=25769326_130043218_2_2_0_1143190&highlighted_blocks=25769326_130043218_2_2_0_1143190&matching_block_id=25769326_130043218_2_2_0_1143190&sr_pri_blocks=25769326_130043218_2_2_0_1143190_217668000&from=searchresults
Moonlight Hotel Hue,692951,"Mon, Oct 6","Tue, Oct 7",8.7,4,Hue,346,Excellent,https://www.booking.com/hotel/vn/moonlight-hue.html?label=gen173nr-10CAEoggI46AdIM1gEaPQBiAEBmAEzuAEXyAEM2AED6AEB-AEBiAIBqAIBuAK78OPGBsACAdICJDg2NTdiNzM2LTFhYTYtNDAzNC1hZmUyLWRiYzA1ZDFiZDJlN9gCAeACAQ&aid=304142&ucfs=1&arphpl=1&checkin=2025-10-06&checkout=2025-10-07&dest_id=-3715887&dest_type=city&group_adults=2&req_adults=2&no_rooms=1&group_children=0&req_children=0&hpos=7&hapos=127&sr_order=popularity&srpvid=7ee339dd707602b5&srepoch=1759479261&all_sr_blocks=46081731_0_2_0_0&highlighted_blocks=46081731_0_2_0_0&matching_block_id=46081731_0_2_0_0&sr_pri_blocks=46081731_0_2_0_0__69295114&from=searchresults
Mondial Hotel Hue,706942,"Mon, Oct 6","Tue, Oct 7",8.3,4,Hue,635,Very Good,https://www.booking.com/hotel/vn/mondial-hue.html?label=gen173nr-10CAEoggI46AdIM1gEaPQBiAEBmAEzuAEXyAEM2AED6AEB-AEBiAIBqAIBuAK78OPGBsACAdICJDg2NTdiNzM2LTFhYTYtNDAzNC1hZmUyLWRiYzA1ZDFiZDJlN9gCAeACAQ&aid=304142&ucfs=1&arphpl=1&checkin=2025-10-06&checkout=2025-10-07&dest_id=-3715887&dest_type=city&group_adults=2&req_adults=2&no_rooms=1&group_children=0&req_children=0&hpos=8&hapos=128&sr_order=popularity&srpvid=7ee339dd707602b5&srepoch=1759479261&all_sr_blocks=25836106_0_2_0_0&highlighted_blocks=25836106_0_2_0_0&matching_block_id=25836106_0_2_0_0&sr_pri_blocks=25836106_0_2_0_0__70694215&from=searchresults
Minh Tam Guesthouse,320000,"Mon, Oct 6","Tue, Oct 7",9.4,3,Hue,470,Wonderful,https://www.booking.com/hotel/vn/pension-minh-tam.html?label=gen173nr-10CAEoggI46AdIM1gEaPQBiAEBmAEzuAEXyAEM2AED6AEB-AEBiAIBqAIBuAK78OPGBsACAdICJDg2NTdiNzM2LTFhYTYtNDAzNC1hZmUyLWRiYzA1ZDFiZDJlN9gCAeACAQ&aid=304142&ucfs=1&arphpl=1&checkin=2025-10-06&checkout=2025-10-07&dest_id=-3715887&dest_type=city&group_adults=2&req_adults=2&no_rooms=1&group_children=0&req_children=0&hpos=9&hapos=129&sr_order=popularity&srpvid=7ee339dd707602b5&srepoch=1759479261&all_sr_blocks=130808601_130045371_0_2_0&highlighted_blocks=130808601_130045371_0_2_0&matching_block_id=130808601_130045371_0_2_0&sr_pri_blocks=130808601_130045371_0_2_0__32000000&from=searchresults
Alba Spa Hotel,1700000,"Mon, Oct 6","Tue, Oct 7",8.9,4,Hue,1234,Excellent,https://www.booking.com/hotel/vn/hue-queen.html?label=gen173nr-10CAEoggI46AdIM1gEaPQBiAEBmAEzuAEXyAEM2AED6AEB-AEBiAIBqAIBuAK78OPGBsACAdICJDg2NTdiNzM2LTFhYTYtNDAzNC1hZmUyLWRiYzA1ZDFiZDJlN9gCAeACAQ&aid=304142&ucfs=1&arphpl=1&checkin=2025-10-06&checkout=2025-10-07&dest_id=-3715887&dest_type=city&group_adults=2&req_adults=2&no_rooms=1&group_children=0&req_children=0&hpos=10&hapos=130&sr_order=popularity&srpvid=7ee339dd707602b5&srepoch=1759479261&all_sr_blocks=26289207_229827695_2_2_0_245746&highlighted_blocks=26289207_229827695_2_2_0_245746&matching_block_id=26289207_229827695_2_2_0_245746&sr_pri_blocks=26289207_229827695_2_2_0_245746_93500000&from=searchresults
Hotel La Perle,470679,"Mon, Oct 6","Tue, Oct 7",9.4,3,Hue,1565,Wonderful,https://www.booking.com/hotel/vn/la-perle.html?label=gen173nr-10CAEoggI46AdIM1gEaPQBiAEBmAEzuAEXyAEM2AED6AEB-AEBiAIBqAIBuAK78OPGBsACAdICJDg2NTdiNzM2LTFhYTYtNDAzNC1hZmUyLWRiYzA1ZDFiZDJlN9gCAeACAQ&aid=304142&ucfs=1&arphpl=1&checkin=2025-10-06&checkout=2025-10-07&dest_id=-3715887&dest_type=city&group_adults=2&req_adults=2&no_rooms=1&group_children=0&req_children=0&hpos=11&hapos=131&sr_order=popularity&srpvid=7ee339dd707602b5&srepoch=1759479261&all_sr_blocks=188199961_0_2_0_0&highlighted_blocks=188199961_0_2_0_0&matching_block_id=188199961_0_2_0_0&sr_pri_blocks=188199961_0_2_0_0__47067881&from=searchresults
HÔM Stay - Phố đi bộ,1826799,"Mon, Oct 13","Tue, Oct 14",9.7,0,Hue,7,Exceptional,https://www.booking.com/hotel/vn/hom-stay-thanh-pho-hue1.html?label=gen173nr-10CAEoggI46AdIM1gEaPQBiAEBmAEzuAEXyAEM2AED6AEB-AEBiAIBqAIBuAK78OPGBsACAdICJDg2NTdiNzM2LTFhYTYtNDAzNC1hZmUyLWRiYzA1ZDFiZDJlN9gCAeACAQ&aid=304142&ucfs=1&arphpl=1&checkin=2025-10-13&checkout=2025-10-14&dest_id=-3715887&dest_type=city&group_adults=2&req_adults=2&no_rooms=1&group_children=0&req_children=0&hpos=12&hapos=132&sr_order=popularity&srpvid=7ee339dd707602b5&srepoch=1759479261&all_sr_blocks=1484824504_419990676_2_0_0&highlighted_blocks=1484824504_419990676_2_0_0&matching_block_id=1484824504_419990676_2_0_0&sr_pri_blocks=1484824504_419990676_2_0_0__58457600&from=searchresults
Tran Ly Hotel,333332,"Mon, Oct 6","Tue, Oct 7",8.6,1,Hue,722,Excellent,https://www.booking.com/hotel/vn/tran-ly.html?label=gen173nr-10CAEoggI46AdIM1gEaPQBiAEBmAEzuAEXyAEM2AED6AEB-AEBiAIBqAIBuAK78OPGBsACAdICJDg2NTdiNzM2LTFhYTYtNDAzNC1hZmUyLWRiYzA1ZDFiZDJlN9gCAeACAQ&aid=304142&ucfs=1&arphpl=1&checkin=2025-10-06&checkout=2025-10-07&dest_id=-3715887&dest_type=city&group_adults=2&req_adults=2&no_rooms=1&group_children=0&req_children=0&hpos=13&hapos=133&sr_order=popularity&srpvid=7ee339dd707602b5&srepoch=1759479261&all_sr_blocks=26122602_199956023_0_0_0&highlighted_blocks=26122602_199956023_0_0_0&matching_block_id=26122602_199956023_0_0_0&sr_pri_blocks=26122602_199956023_0_0_0__33333200&from=searchresults
Soleil Urban Villa,382500,"Mon, Oct 6","Tue, Oct 7",,2,Hue,,Exceptional,https://www.booking.com/hotel/vn/soleil-urban-villa.html?label=gen173nr-10CAEoggI46AdIM1gEaPQBiAEBmAEzuAEXyAEM2AED6AEB-AEBiAIBqAIBuAK78OPGBsACAdICJDg2NTdiNzM2LTFhYTYtNDAzNC1hZmUyLWRiYzA1ZDFiZDJlN9gCAeACAQ&aid=304142&ucfs=1&arphpl=1&checkin=2025-10-06&checkout=2025-10-07&dest_id=-3715887&dest_type=city&group_adults=2&req_adults=2&no_rooms=1&group_children=0&req_children=0&hpos=14&hapos=134&sr_order=popularity&srpvid=7ee339dd707602b5&srepoch=1759479261&all_sr_blocks=1482985101_419798592_2_1_0&highlighted_blocks=1482985101_419798592_2_1_0&matching_block_id=1482985101_419798592_2_1_0&sr_pri_blocks=1482985101_419798592_2_1_0__30600000&from=searchresults
Cat Homestay,425000,"Mon, Nov 3","Tue, Nov 4",9.0,4,Hue,88,Wonderful,https://www.booking.com/hotel/vn/cat-homestay-hue1.html?label=gen173nr-10CAEoggI46AdIM1gEaPQBiAEBmAEzuAEXyAEM2AED6AEB-AEBiAIBqAIBuAK78OPGBsACAdICJDg2NTdiNzM2LTFhYTYtNDAzNC1hZmUyLWRiYzA1ZDFiZDJlN9gCAeACAQ&aid=304142&ucfs=1&arphpl=1&checkin=2025-11-03&checkout=2025-11-04&dest_id=-3715887&dest_type=city&group_adults=2&req_adults=2&no_rooms=1&group_children=0&req_children=0&hpos=15&hapos=135&sr_order=popularity&srpvid=7ee339dd707602b5&srepoch=1759479261&all_sr_blocks=671896007_360632762_2_0_0&highlighted_blocks=671896007_360632762_2_0_0&matching_block_id=671896007_360632762_2_0_0&sr_pri_blocks=671896007_360632762_2_0_0__42500000&from=searchresults
The Hue Homestay,256500,"Mon, Oct 6","Tue, Oct 7",9.1,3,Hue,16,Wonderful,https://www.booking.com/hotel/vn/the-hue-homestay-hue.html?label=gen173nr-10CAEoggI46AdIM1gEaPQBiAEBmAEzuAEXyAEM2AED6AEB-AEBiAIBqAIBuAK78OPGBsACAdICJDg2NTdiNzM2LTFhYTYtNDAzNC1hZmUyLWRiYzA1ZDFiZDJlN9gCAeACAQ&aid=304142&ucfs=1&arphpl=1&checkin=2025-10-06&checkout=2025-10-07&dest_id=-3715887&dest_type=city&group_adults=2&req_adults=2&no_rooms=1&group_children=0&req_children=0&hpos=16&hapos=136&sr_order=popularity&srpvid=7ee339dd707602b5&srepoch=1759479261&all_sr_blocks=1279835901_400871807_2_0_0&highlighted_blocks=1279835901_400871807_2_0_0&matching_block_id=1279835901_400871807_2_0_0&sr_pri_blocks=1279835901_400871807_2_0_0__25650000&from=searchresults
Tabi Homestay Hue,320000,"Mon, Oct 6","Tue, Oct 7",9.1,0,Hue,41,Wonderful,https://www.booking.com/hotel/vn/tabi-homestay-hue-thanh-pho-hue.html?label=gen173nr-10CAEoggI46AdIM1gEaPQBiAEBmAEzuAEXyAEM2AED6AEB-AEBiAIBqAIBuAK78OPGBsACAdICJDg2NTdiNzM2LTFhYTYtNDAzNC1hZmUyLWRiYzA1ZDFiZDJlN9gCAeACAQ&aid=304142&ucfs=1&arphpl=1&checkin=2025-10-06&checkout=2025-10-07&dest_id=-3715887&dest_type=city&group_adults=2&req_adults=2&no_rooms=1&group_children=0&req_children=0&hpos=17&hapos=137&sr_order=popularity&srpvid=7ee339dd707602b5&srepoch=1759479261&all_sr_blocks=446087203_408124452_2_0_0&highlighted_blocks=446087203_408124452_2_0_0&matching_block_id=446087203_408124452_2_0_0&sr_pri_blocks=446087203_408124452_2_0_0__32000000&from=searchresults
Thuy Duong Boutique Hotel Hue,526907,"Mon, Oct 6","Tue, Oct 7",9.3,0,Hue,743,Wonderful,https://www.booking.com/hotel/vn/gold-2.html?label=gen173nr-10CAEoggI46AdIM1gEaPQBiAEBmAEzuAEXyAEM2AED6AEB-AEBiAIBqAIBuAK78OPGBsACAdICJDg2NTdiNzM2LTFhYTYtNDAzNC1hZmUyLWRiYzA1ZDFiZDJlN9gCAeACAQ&aid=304142&ucfs=1&arphpl=1&checkin=2025-10-06&checkout=2025-10-07&dest_id=-3715887&dest_type=city&group_adults=2&req_adults=2&no_rooms=1&group_children=0&req_children=0&hpos=18&hapos=138&sr_order=popularity&srpvid=7ee339dd707602b5&srepoch=1759479261&all_sr_blocks=0_0_2_0_0&highlighted_blocks=0_0_2_0_0&matching_block_id=0_0_2_0_0&sr_pri_blocks=0_0_2_0_0__52690685&from=searchresults
Under the Sun Homestay,412499,"Mon, Oct 6","Tue, Oct 7",9.3,0,Hue,103,Wonderful,https://www.booking.com/hotel/vn/under-the-sun-homestay.html?label=gen173nr-10CAEoggI46AdIM1gEaPQBiAEBmAEzuAEXyAEM2AED6AEB-AEBiAIBqAIBuAK78OPGBsACAdICJDg2NTdiNzM2LTFhYTYtNDAzNC1hZmUyLWRiYzA1ZDFiZDJlN9gCAeACAQ&aid=304142&ucfs=1&arphpl=1&checkin=2025-10-06&checkout=2025-10-07&dest_id=-3715887&dest_type=city&group_adults=2&req_adults=2&no_rooms=1&group_children=0&req_children=0&hpos=19&hapos=139&sr_order=popularity&srpvid=7ee339dd707602b5&srepoch=1759479261&all_sr_blocks=1068808002_379373473_0_0_0&highlighted_blocks=1068808002_379373473_0_0_0&matching_block_id=1068808002_379373473_0_0_0&sr_pri_blocks=1068808002_379373473_0_0_0__32999900&from=searchresults
Sunny B Hotel,330000,"Mon, Oct 6","Tue, Oct 7",9.0,2,Hue,643,Wonderful,https://www.booking.com/hotel/vn/original-binh-duong.html?label=gen173nr-10CAEoggI46AdIM1gEaPQBiAEBmAEzuAEXyAEM2AED6AEB-AEBiAIBqAIBuAK78OPGBsACAdICJDg2NTdiNzM2LTFhYTYtNDAzNC1hZmUyLWRiYzA1ZDFiZDJlN9gCAeACAQ&aid=304142&ucfs=1&arphpl=1&checkin=2025-10-06&checkout=2025-10-07&dest_id=-3715887&dest_type=city&group_adults=2&req_adults=2&no_rooms=1&group_children=0&req_children=0&hpos=20&hapos=140&sr_order=popularity&srpvid=7ee339dd707602b5&srepoch=1759479261&all_sr_blocks=25168303_350394970_2_0_0&highlighted_blocks=25168303_350394970_2_0_0&matching_block_id=25168303_350394970_2_0_0&sr_pri_blocks=25168303_350394970_2_0_0__33000000&from=searchresults
NANO Eco-Hostel,1150000,"Mon, Oct 6","Tue, Oct 7",9.8,0,Hue,242,Exceptional,https://www.booking.com/hotel/vn/nano-eco-hostel.html?label=gen173nr-10CAEoggI46AdIM1gEaPQBiAEBmAEzuAEXyAEM2AED6AEB-AEBiAIBqAIBuAK78OPGBsACAdICJDg2NTdiNzM2LTFhYTYtNDAzNC1hZmUyLWRiYzA1ZDFiZDJlN9gCAeACAQ&aid=304142&ucfs=1&arphpl=1&checkin=2025-10-06&checkout=2025-10-07&dest_id=-3715887&dest_type=city&group_adults=2&req_adults=2&no_rooms=1&group_children=0&req_children=0&hpos=21&hapos=141&sr_order=popularity&srpvid=7ee339dd707602b5&srepoch=1759479261&all_sr_blocks=565979904_369184037_2_2_0&highlighted_blocks=565979904_369184037_2_2_0&matching_block_id=565979904_369184037_2_2_0&sr_pri_blocks=565979904_369184037_2_2_0__115000000&from=searchresults
Happy House Homestay,290000,"Mon, Oct 6","Tue, Oct 7",7.8,3,Hue,201,Good,https://www.booking.com/hotel/vn/happy-house-homestay-thanh-pho-hue1.html?label=gen173nr-10CAEoggI46AdIM1gEaPQBiAEBmAEzuAEXyAEM2AED6AEB-AEBiAIBqAIBuAK78OPGBsACAdICJDg2NTdiNzM2LTFhYTYtNDAzNC1hZmUyLWRiYzA1ZDFiZDJlN9gCAeACAQ&aid=304142&ucfs=1&arphpl=1&checkin=2025-10-06&checkout=2025-10-07&dest_id=-3715887&dest_type=city&group_adults=2&req_adults=2&no_rooms=1&group_children=0&req_children=0&hpos=22&hapos=142&sr_order=popularity&srpvid=7ee339dd707602b5&srepoch=1759479261&all_sr_blocks=883507901_357666261_2_0_0&highlighted_blocks=883507901_357666261_2_0_0&matching_block_id=883507901_357666261_2_0_0&sr_pri_blocks=883507901_357666261_2_0_0__29000000&from=searchresults
Pink Lotus Hotel Hue,400000,"Mon, Oct 6","Tue, Oct 7",9.3,0,Hue,18,Wonderful,https://www.booking.com/hotel/vn/loving-home-in-hue.html?label=gen173nr-10CAEoggI46AdIM1gEaPQBiAEBmAEzuAEXyAEM2AED6AEB-AEBiAIBqAIBuAK78OPGBsACAdICJDg2NTdiNzM2LTFhYTYtNDAzNC1hZmUyLWRiYzA1ZDFiZDJlN9gCAeACAQ&aid=304142&ucfs=1&arphpl=1&checkin=2025-10-06&checkout=2025-10-07&dest_id=-3715887&dest_type=city&group_adults=2&req_adults=2&no_rooms=1&group_children=0&req_children=0&hpos=23&hapos=143&sr_order=popularity&srpvid=7ee339dd707602b5&srepoch=1759479261&all_sr_blocks=415367407_130055390_2_9_0&highlighted_blocks=415367407_130055390_2_9_0&matching_block_id=415367407_130055390_2_9_0&sr_pri_blocks=415367407_130055390_2_9_0__40000000&from=searchresults
Dory Homestay,324000,"Mon, Oct 6","Tue, Oct 7",9.1,0,Hue,209,Wonderful,https://www.booking.com/hotel/vn/dory-homestay.html?label=gen173nr-10CAEoggI46AdIM1gEaPQBiAEBmAEzuAEXyAEM2AED6AEB-AEBiAIBqAIBuAK78OPGBsACAdICJDg2NTdiNzM2LTFhYTYtNDAzNC1hZmUyLWRiYzA1ZDFiZDJlN9gCAeACAQ&aid=304142&ucfs=1&arphpl=1&checkin=2025-10-06&checkout=2025-10-07&dest_id=-3715887&dest_type=city&group_adults=2&req_adults=2&no_rooms=1&group_children=0&req_children=0&hpos=24&hapos=144&sr_order=popularity&srpvid=7ee339dd707602b5&srepoch=1759479261&all_sr_blocks=958699402_368445181_2_0_0&highlighted_blocks=958699402_368445181_2_0_0&matching_block_id=958699402_368445181_2_0_0&sr_pri_blocks=958699402_368445181_2_0_0__32400000&from=searchresults
Nhà Shi Homestay,476471,"Mon, Dec 15","Tue, Dec 16",9.0,3,Hue,14,Wonderful,https://www.booking.com/hotel/vn/nha-shi-homestay.html?label=gen173nr-10CAEoggI46AdIM1gEaPQBiAEBmAEzuAEXyAEM2AED6AEB-AEBiAIBqAIBuAK78OPGBsACAdICJDg2NTdiNzM2LTFhYTYtNDAzNC1hZmUyLWRiYzA1ZDFiZDJlN9gCAeACAQ&aid=304142&ucfs=1&arphpl=1&checkin=2025-12-15&checkout=2025-12-16&dest_id=-3715887&dest_type=city&group_adults=2&req_adults=2&no_rooms=1&group_children=0&req_children=0&hpos=25&hapos=145&sr_order=popularity&srpvid=7ee339dd707602b5&srepoch=1759479261&all_sr_blocks=1386885801_411703372_2_0_0&highlighted_blocks=1386885801_411703372_2_0_0&matching_block_id=1386885801_411703372_2_0_0&sr_pri_blocks=1386885801_411703372_2_0_0__47647100&from=searchresults
Familia Hotel,300000,"Mon, Oct 6","Tue, Oct 7",7.9,1,Hue,299,Good,https://www.booking.com/hotel/vn/familia.html?label=gen173nr-10CAEoggI46AdIM1gEaPQBiAEBmAEzuAEXyAEM2AED6AEB-AEBiAIBqAIBuAK78OPGBsACAdICJDg2NTdiNzM2LTFhYTYtNDAzNC1hZmUyLWRiYzA1ZDFiZDJlN9gCAeACAQ&aid=304142&ucfs=1&arphpl=1&checkin=2025-10-06&checkout=2025-10-07&dest_id=-3715887&dest_type=city&group_adults=2&req_adults=2&no_rooms=1&group_children=0&req_children=0&hpos=1&hapos=146&sr_order=popularity&srpvid=7ee339dd707602b5&srepoch=1759479270&all_sr_blocks=851783301_352483250_2_0_0&highlighted_blocks=851783301_352483250_2_0_0&matching_block_id=851783301_352483250_2_0_0&sr_pri_blocks=851783301_352483250_2_0_0__30000000&from=searchresults
Poetic Hue Hotel & Spa,328950,"Mon, Oct 6","Tue, Oct 7",7.5,0,Hue,433,Good,https://www.booking.com/hotel/vn/poetic-hue-hostel.html?label=gen173nr-10CAEoggI46AdIM1gEaPQBiAEBmAEzuAEXyAEM2AED6AEB-AEBiAIBqAIBuAK78OPGBsACAdICJDg2NTdiNzM2LTFhYTYtNDAzNC1hZmUyLWRiYzA1ZDFiZDJlN9gCAeACAQ&aid=304142&ucfs=1&arphpl=1&checkin=2025-10-06&checkout=2025-10-07&dest_id=-3715887&dest_type=city&group_adults=2&req_adults=2&no_rooms=1&group_children=0&req_children=0&hpos=2&hapos=147&sr_order=popularity&srpvid=7ee339dd707602b5&srepoch=1759479270&all_sr_blocks=206909803_265608274_2_1_0&highlighted_blocks=206909803_265608274_2_1_0&matching_block_id=206909803_265608274_2_1_0&sr_pri_blocks=206909803_265608274_2_1_0__32895000&from=searchresults
Komi House Homestay,650000,"Mon, Oct 6","Tue, Oct 7",8.8,0,Hue,206,Excellent,https://www.booking.com/hotel/vn/komi-homestay.html?label=gen173nr-10CAEoggI46AdIM1gEaPQBiAEBmAEzuAEXyAEM2AED6AEB-AEBiAIBqAIBuAK78OPGBsACAdICJDg2NTdiNzM2LTFhYTYtNDAzNC1hZmUyLWRiYzA1ZDFiZDJlN9gCAeACAQ&aid=304142&ucfs=1&arphpl=1&checkin=2025-10-06&checkout=2025-10-07&dest_id=-3715887&dest_type=city&group_adults=2&req_adults=2&no_rooms=1&group_children=0&req_children=0&hpos=3&hapos=148&sr_order=popularity&srpvid=7ee339dd707602b5&srepoch=1759479270&all_sr_blocks=1128256505_387055371_2_0_0&highlighted_blocks=1128256505_387055371_2_0_0&matching_block_id=1128256505_387055371_2_0_0&sr_pri_blocks=1128256505_387055371_2_0_0__52000000&from=searchresults
Than Thien - Friendly Hotel,398612,"Mon, Oct 6","Tue, Oct 7",8.9,3,Hue,1541,Excellent,https://www.booking.com/hotel/vn/than-thien.html?label=gen173nr-10CAEoggI46AdIM1gEaPQBiAEBmAEzuAEXyAEM2AED6AEB-AEBiAIBqAIBuAK78OPGBsACAdICJDg2NTdiNzM2LTFhYTYtNDAzNC1hZmUyLWRiYzA1ZDFiZDJlN9gCAeACAQ&aid=304142&ucfs=1&arphpl=1&checkin=2025-10-06&checkout=2025-10-07&dest_id=-3715887&dest_type=city&group_adults=2&req_adults=2&no_rooms=1&group_children=0&req_children=0&hpos=4&hapos=149&sr_order=popularity&srpvid=7ee339dd707602b5&srepoch=1759479270&all_sr_blocks=0_0_2_1_0&highlighted_blocks=0_0_2_1_0&matching_block_id=0_0_2_1_0&sr_pri_blocks=0_0_2_1_0__39861189&from=searchresults
ChocoHouse,645698,"Mon, Oct 6","Tue, Oct 7",9.3,0,Hue,273,Wonderful,https://www.booking.com/hotel/vn/chocohouse.html?label=gen173nr-10CAEoggI46AdIM1gEaPQBiAEBmAEzuAEXyAEM2AED6AEB-AEBiAIBqAIBuAK78OPGBsACAdICJDg2NTdiNzM2LTFhYTYtNDAzNC1hZmUyLWRiYzA1ZDFiZDJlN9gCAeACAQ&aid=304142&ucfs=1&arphpl=1&checkin=2025-10-06&checkout=2025-10-07&dest_id=-3715887&dest_type=city&group_adults=2&req_adults=2&no_rooms=1&group_children=0&req_children=0&hpos=5&hapos=150&sr_order=popularity&srpvid=7ee339dd707602b5&srepoch=1759479270&all_sr_blocks=1079945501_0_2_0_0&highlighted_blocks=1079945501_0_2_0_0&matching_block_id=1079945501_0_2_0_0&sr_pri_blocks=1079945501_0_2_0_0__64569847&from=searchresults
MyFa House,550000,"Mon, Oct 6","Tue, Oct 7",8.8,4,Hue,474,Excellent,https://www.booking.com/hotel/vn/myfa-house.html?label=gen173nr-10CAEoggI46AdIM1gEaPQBiAEBmAEzuAEXyAEM2AED6AEB-AEBiAIBqAIBuAK78OPGBsACAdICJDg2NTdiNzM2LTFhYTYtNDAzNC1hZmUyLWRiYzA1ZDFiZDJlN9gCAeACAQ&aid=304142&ucfs=1&arphpl=1&checkin=2025-10-06&checkout=2025-10-07&dest_id=-3715887&dest_type=city&group_adults=2&req_adults=2&no_rooms=1&group_children=0&req_children=0&hpos=6&hapos=151&sr_order=popularity&srpvid=7ee339dd707602b5&srepoch=1759479270&all_sr_blocks=654405104_288791467_2_0_0&highlighted_blocks=654405104_288791467_2_0_0&matching_block_id=654405104_288791467_2_0_0&sr_pri_blocks=654405104_288791467_2_0_0__38500000&from=searchresults
Nai House Huế,500000,"Mon, Oct 6","Tue, Oct 7",9.1,0,Hue,28,Wonderful,https://www.booking.com/hotel/vn/nai-homestay-hue.html?label=gen173nr-10CAEoggI46AdIM1gEaPQBiAEBmAEzuAEXyAEM2AED6AEB-AEBiAIBqAIBuAK78OPGBsACAdICJDg2NTdiNzM2LTFhYTYtNDAzNC1hZmUyLWRiYzA1ZDFiZDJlN9gCAeACAQ&aid=304142&ucfs=1&arphpl=1&checkin=2025-10-06&checkout=2025-10-07&dest_id=-3715887&dest_type=city&group_adults=2&req_adults=2&no_rooms=1&group_children=0&req_children=0&hpos=7&hapos=152&sr_order=popularity&srpvid=7ee339dd707602b5&srepoch=1759479270&all_sr_blocks=1180497607_412563479_0_2_0&highlighted_blocks=1180497607_412563479_0_2_0&matching_block_id=1180497607_412563479_0_2_0&sr_pri_blocks=1180497607_412563479_0_2_0__50000000&from=searchresults
Forest Tag Homestay,495000,"Mon, Oct 6","Tue, Oct 7",9.6,0,Hue,66,Exceptional,https://www.booking.com/hotel/vn/forest-tag-homestay.html?label=gen173nr-10CAEoggI46AdIM1gEaPQBiAEBmAEzuAEXyAEM2AED6AEB-AEBiAIBqAIBuAK78OPGBsACAdICJDg2NTdiNzM2LTFhYTYtNDAzNC1hZmUyLWRiYzA1ZDFiZDJlN9gCAeACAQ&aid=304142&ucfs=1&arphpl=1&checkin=2025-10-06&checkout=2025-10-07&dest_id=-3715887&dest_type=city&group_adults=2&req_adults=2&no_rooms=1&group_children=0&req_children=0&hpos=8&hapos=153&sr_order=popularity&srpvid=7ee339dd707602b5&srepoch=1759479270&all_sr_blocks=652839301_310423791_2_0_0&highlighted_blocks=652839301_310423791_2_0_0&matching_block_id=652839301_310423791_2_0_0&sr_pri_blocks=652839301_310423791_2_0_0__49500000&from=searchresults
Homie Ở Đây,350000,"Mon, Oct 6","Tue, Oct 7",9.3,0,Hue,3,Wonderful,https://www.booking.com/hotel/vn/homie-o-day.html?label=gen173nr-10CAEoggI46AdIM1gEaPQBiAEBmAEzuAEXyAEM2AED6AEB-AEBiAIBqAIBuAK78OPGBsACAdICJDg2NTdiNzM2LTFhYTYtNDAzNC1hZmUyLWRiYzA1ZDFiZDJlN9gCAeACAQ&aid=304142&ucfs=1&arphpl=1&checkin=2025-10-06&checkout=2025-10-07&dest_id=-3715887&dest_type=city&group_adults=2&req_adults=2&no_rooms=1&group_children=0&req_children=0&hpos=9&hapos=154&sr_order=popularity&srpvid=7ee339dd707602b5&srepoch=1759479270&all_sr_blocks=1479558903_419455345_2_0_0&highlighted_blocks=1479558903_419455345_2_0_0&matching_block_id=1479558903_419455345_2_0_0&sr_pri_blocks=1479558903_419455345_2_0_0__35000000&from=searchresults
Eva Homestay,294500,"Mon, Oct 6","Tue, Oct 7",9.0,4,Hue,536,Wonderful,https://www.booking.com/hotel/vn/eva-homestay.html?label=gen173nr-10CAEoggI46AdIM1gEaPQBiAEBmAEzuAEXyAEM2AED6AEB-AEBiAIBqAIBuAK78OPGBsACAdICJDg2NTdiNzM2LTFhYTYtNDAzNC1hZmUyLWRiYzA1ZDFiZDJlN9gCAeACAQ&aid=304142&ucfs=1&arphpl=1&checkin=2025-10-06&checkout=2025-10-07&dest_id=-3715887&dest_type=city&group_adults=2&req_adults=2&no_rooms=1&group_children=0&req_children=0&hpos=10&hapos=155&sr_order=popularity&srpvid=7ee339dd707602b5&srepoch=1759479270&all_sr_blocks=378460001_388840605_2_2_0&highlighted_blocks=378460001_388840605_2_2_0&matching_block_id=378460001_388840605_2_2_0&sr_pri_blocks=378460001_388840605_2_2_0__29450000&from=searchresults
Hong Thien Ruby Hotel,323377,"Mon, Oct 6","Tue, Oct 7",9.4,2,Hue,433,Wonderful,https://www.booking.com/hotel/vn/hong-thien-ruby.html?label=gen173nr-10CAEoggI46AdIM1gEaPQBiAEBmAEzuAEXyAEM2AED6AEB-AEBiAIBqAIBuAK78OPGBsACAdICJDg2NTdiNzM2LTFhYTYtNDAzNC1hZmUyLWRiYzA1ZDFiZDJlN9gCAeACAQ&aid=304142&ucfs=1&arphpl=1&checkin=2025-10-06&checkout=2025-10-07&dest_id=-3715887&dest_type=city&group_adults=2&req_adults=2&no_rooms=1&group_children=0&req_children=0&hpos=11&hapos=156&sr_order=popularity&srpvid=7ee339dd707602b5&srepoch=1759479270&all_sr_blocks=105896501_0_2_0_0&highlighted_blocks=105896501_0_2_0_0&matching_block_id=105896501_0_2_0_0&sr_pri_blocks=105896501_0_2_0_0__32337720&from=searchresults
The Chill,356400,"Mon, Oct 6","Tue, Oct 7",8.7,0,Hue,107,Excellent,https://www.booking.com/hotel/vn/pink-chill-house.html?label=gen173nr-10CAEoggI46AdIM1gEaPQBiAEBmAEzuAEXyAEM2AED6AEB-AEBiAIBqAIBuAK78OPGBsACAdICJDg2NTdiNzM2LTFhYTYtNDAzNC1hZmUyLWRiYzA1ZDFiZDJlN9gCAeACAQ&aid=304142&ucfs=1&arphpl=1&checkin=2025-10-06&checkout=2025-10-07&dest_id=-3715887&dest_type=city&group_adults=2&req_adults=2&no_rooms=1&group_children=0&req_children=0&hpos=12&hapos=157&sr_order=popularity&srpvid=7ee339dd707602b5&srepoch=1759479270&all_sr_blocks=912060701_417963406_0_0_0&highlighted_blocks=912060701_417963406_0_0_0&matching_block_id=912060701_417963406_0_0_0&sr_pri_blocks=912060701_417963406_0_0_0__35640000&from=searchresults
candyinn,715126,"Mon, Oct 6","Tue, Oct 7",9.8,3,Hue,811,Exceptional,https://www.booking.com/hotel/vn/candyinn.html?label=gen173nr-10CAEoggI46AdIM1gEaPQBiAEBmAEzuAEXyAEM2AED6AEB-AEBiAIBqAIBuAK78OPGBsACAdICJDg2NTdiNzM2LTFhYTYtNDAzNC1hZmUyLWRiYzA1ZDFiZDJlN9gCAeACAQ&aid=304142&ucfs=1&arphpl=1&checkin=2025-10-06&checkout=2025-10-07&dest_id=-3715887&dest_type=city&group_adults=2&req_adults=2&no_rooms=1&group_children=0&req_children=0&hpos=13&hapos=158&sr_order=popularity&srpvid=7ee339dd707602b5&srepoch=1759479270&all_sr_blocks=401868901_0_2_1_0&highlighted_blocks=401868901_0_2_1_0&matching_block_id=401868901_0_2_1_0&sr_pri_blocks=401868901_0_2_1_0__71512557&from=searchresults
Glory Hue Homestay,412000,"Mon, Oct 6","Tue, Oct 7",9.5,0,Hue,354,Exceptional,https://www.booking.com/hotel/vn/glory-hue-homestay.html?label=gen173nr-10CAEoggI46AdIM1gEaPQBiAEBmAEzuAEXyAEM2AED6AEB-AEBiAIBqAIBuAK78OPGBsACAdICJDg2NTdiNzM2LTFhYTYtNDAzNC1hZmUyLWRiYzA1ZDFiZDJlN9gCAeACAQ&aid=304142&ucfs=1&arphpl=1&checkin=2025-10-06&checkout=2025-10-07&dest_id=-3715887&dest_type=city&group_adults=2&req_adults=2&no_rooms=1&group_children=0&req_children=0&hpos=14&hapos=159&sr_order=popularity&srpvid=7ee339dd707602b5&srepoch=1759479270&all_sr_blocks=1248540003_406347576_2_1_0&highlighted_blocks=1248540003_406347576_2_1_0&matching_block_id=1248540003_406347576_2_1_0&sr_pri_blocks=1248540003_406347576_2_1_0__41200000&from=searchresults
Maison Vu Tri Vien,450000,"Mon, Oct 6","Tue, Oct 7",9.1,0,Hue,433,Wonderful,https://www.booking.com/hotel/vn/maison-vu-tri-vien.html?label=gen173nr-10CAEoggI46AdIM1gEaPQBiAEBmAEzuAEXyAEM2AED6AEB-AEBiAIBqAIBuAK78OPGBsACAdICJDg2NTdiNzM2LTFhYTYtNDAzNC1hZmUyLWRiYzA1ZDFiZDJlN9gCAeACAQ&aid=304142&ucfs=1&arphpl=1&checkin=2025-10-06&checkout=2025-10-07&dest_id=-3715887&dest_type=city&group_adults=2&req_adults=2&no_rooms=1&group_children=0&req_children=0&hpos=15&hapos=160&sr_order=popularity&srpvid=7ee339dd707602b5&srepoch=1759479270&all_sr_blocks=129173203_403999431_2_33_0&highlighted_blocks=129173203_403999431_2_33_0&matching_block_id=129173203_403999431_2_33_0&sr_pri_blocks=129173203_403999431_2_33_0__45000000&from=searchresults
AnAn Homestay Huế,375118,"Mon, Oct 6","Tue, Oct 7",9.5,0,Hue,135,Exceptional,https://www.booking.com/hotel/vn/anan-homestay-hue.html?label=gen173nr-10CAEoggI46AdIM1gEaPQBiAEBmAEzuAEXyAEM2AED6AEB-AEBiAIBqAIBuAK78OPGBsACAdICJDg2NTdiNzM2LTFhYTYtNDAzNC1hZmUyLWRiYzA1ZDFiZDJlN9gCAeACAQ&aid=304142&ucfs=1&arphpl=1&checkin=2025-10-06&checkout=2025-10-07&dest_id=-3715887&dest_type=city&group_adults=2&req_adults=2&no_rooms=1&group_children=0&req_children=0&hpos=16&hapos=161&sr_order=popularity&srpvid=7ee339dd707602b5&srepoch=1759479270&all_sr_blocks=696315002_0_2_0_0&highlighted_blocks=696315002_0_2_0_0&matching_block_id=696315002_0_2_0_0&sr_pri_blocks=696315002_0_2_0_0__37511755&from=searchresults
Glory 2 Hue Homestay,441641,"Mon, Oct 6","Tue, Oct 7",9.4,0,Hue,126,Wonderful,https://www.booking.com/hotel/vn/glory-2-hue-homestay.html?label=gen173nr-10CAEoggI46AdIM1gEaPQBiAEBmAEzuAEXyAEM2AED6AEB-AEBiAIBqAIBuAK78OPGBsACAdICJDg2NTdiNzM2LTFhYTYtNDAzNC1hZmUyLWRiYzA1ZDFiZDJlN9gCAeACAQ&aid=304142&ucfs=1&arphpl=1&checkin=2025-10-06&checkout=2025-10-07&dest_id=-3715887&dest_type=city&group_adults=2&req_adults=2&no_rooms=1&group_children=0&req_children=0&hpos=17&hapos=162&sr_order=popularity&srpvid=7ee339dd707602b5&srepoch=1759479270&all_sr_blocks=1391057201_0_2_0_0&highlighted_blocks=1391057201_0_2_0_0&matching_block_id=1391057201_0_2_0_0&sr_pri_blocks=1391057201_0_2_0_0__44164086&from=searchresults
"Mô Tê Homestay 2 gần Chợ Đông Ba, Cung Đình Hoàng Thành Huế",450000,"Mon, Oct 6","Tue, Oct 7",9.4,3,Hue,93,Wonderful,https://www.booking.com/hotel/vn/mo-te-hue-homestay-2-thanh-pho-hue1.html?label=gen173nr-10CAEoggI46AdIM1gEaPQBiAEBmAEzuAEXyAEM2AED6AEB-AEBiAIBqAIBuAK78OPGBsACAdICJDg2NTdiNzM2LTFhYTYtNDAzNC1hZmUyLWRiYzA1ZDFiZDJlN9gCAeACAQ&aid=304142&ucfs=1&arphpl=1&checkin=2025-10-06&checkout=2025-10-07&dest_id=-3715887&dest_type=city&group_adults=2&req_adults=2&no_rooms=1&group_children=0&req_children=0&hpos=18&hapos=163&sr_order=popularity&srpvid=7ee339dd707602b5&srepoch=1759479270&all_sr_blocks=1262508802_398877573_2_0_0&highlighted_blocks=1262508802_398877573_2_0_0&matching_block_id=1262508802_398877573_2_0_0&sr_pri_blocks=1262508802_398877573_2_0_0__45000000&from=searchresults
Muong Thanh Holiday Hue Hotel,1264207,"Mon, Oct 6","Tue, Oct 7",8.2,4,Hue,214,Very Good,https://www.booking.com/hotel/vn/mercure-hue-gerbera.html?label=gen173nr-10CAEoggI46AdIM1gEaPQBiAEBmAEzuAEXyAEM2AED6AEB-AEBiAIBqAIBuAK78OPGBsACAdICJDg2NTdiNzM2LTFhYTYtNDAzNC1hZmUyLWRiYzA1ZDFiZDJlN9gCAeACAQ&aid=304142&ucfs=1&arphpl=1&checkin=2025-10-06&checkout=2025-10-07&dest_id=-3715887&dest_type=city&group_adults=2&req_adults=2&no_rooms=1&group_children=0&req_children=0&hpos=19&hapos=164&sr_order=popularity&srpvid=7ee339dd707602b5&srepoch=1759479270&all_sr_blocks=23588601_0_2_1_0&highlighted_blocks=23588601_0_2_1_0&matching_block_id=23588601_0_2_1_0&sr_pri_blocks=23588601_0_2_1_0__126420685&from=searchresults
Lúa homestay,380000,"Mon, Oct 6","Tue, Oct 7",9.3,0,Hue,10,Wonderful,https://www.booking.com/hotel/vn/lua-homestay-thanh-pho-hue.html?label=gen173nr-10CAEoggI46AdIM1gEaPQBiAEBmAEzuAEXyAEM2AED6AEB-AEBiAIBqAIBuAK78OPGBsACAdICJDg2NTdiNzM2LTFhYTYtNDAzNC1hZmUyLWRiYzA1ZDFiZDJlN9gCAeACAQ&aid=304142&ucfs=1&arphpl=1&checkin=2025-10-06&checkout=2025-10-07&dest_id=-3715887&dest_type=city&group_adults=2&req_adults=2&no_rooms=1&group_children=0&req_children=0&hpos=20&hapos=165&sr_order=popularity&srpvid=7ee339dd707602b5&srepoch=1759479270&all_sr_blocks=1433180202_414872026_2_0_0&highlighted_blocks=1433180202_414872026_2_0_0&matching_block_id=1433180202_414872026_2_0_0&sr_pri_blocks=1433180202_414872026_2_0_0__30400000&from=searchresults
Cherish Hue Hotel,3300000,"Mon, Oct 6","Tue, Oct 7",8.8,4,Hue,791,Excellent,https://www.booking.com/hotel/vn/camellia-hue-47000.html?label=gen173nr-10CAEoggI46AdIM1gEaPQBiAEBmAEzuAEXyAEM2AED6AEB-AEBiAIBqAIBuAK78OPGBsACAdICJDg2NTdiNzM2LTFhYTYtNDAzNC1hZmUyLWRiYzA1ZDFiZDJlN9gCAeACAQ&aid=304142&ucfs=1&arphpl=1&checkin=2025-10-06&checkout=2025-10-07&dest_id=-3715887&dest_type=city&group_adults=2&req_adults=2&no_rooms=1&group_children=0&req_children=0&hpos=21&hapos=166&sr_order=popularity&srpvid=7ee339dd707602b5&srepoch=1759479270&all_sr_blocks=24925805_412355282_0_41_0&highlighted_blocks=24925805_412355282_0_41_0&matching_block_id=24925805_412355282_0_41_0&sr_pri_blocks=24925805_412355282_0_41_0__99000000&from=searchresults
DELUXE VILLA,4500000,"Mon, Oct 6","Tue, Oct 7",9.7,4,Hue,28,Exceptional,https://www.booking.com/hotel/vn/deluxe-villa-thanh-pho-hue.html?label=gen173nr-10CAEoggI46AdIM1gEaPQBiAEBmAEzuAEXyAEM2AED6AEB-AEBiAIBqAIBuAK78OPGBsACAdICJDg2NTdiNzM2LTFhYTYtNDAzNC1hZmUyLWRiYzA1ZDFiZDJlN9gCAeACAQ&aid=304142&ucfs=1&arphpl=1&checkin=2025-10-06&checkout=2025-10-07&dest_id=-3715887&dest_type=city&group_adults=2&req_adults=2&no_rooms=1&group_children=0&req_children=0&hpos=22&hapos=167&sr_order=popularity&srpvid=7ee339dd707602b5&srepoch=1759479270&all_sr_blocks=1170257901_389589286_18_0_0&highlighted_blocks=1170257901_389589286_18_0_0&matching_block_id=1170257901_389589286_18_0_0&sr_pri_blocks=1170257901_389589286_18_0_0__450000000&from=searchresults
"HAPPY HOUSE PREMIER - Căn Hộ 3PN Tiện Nghi , View Đẹp, Trung Tâm, Hồ Bơi&Gym Free",1790000,"Mon, Oct 6","Tue, Oct 7",9.7,4,Hue,95,Exceptional,https://www.booking.com/hotel/vn/happy-house-hue.html?label=gen173nr-10CAEoggI46AdIM1gEaPQBiAEBmAEzuAEXyAEM2AED6AEB-AEBiAIBqAIBuAK78OPGBsACAdICJDg2NTdiNzM2LTFhYTYtNDAzNC1hZmUyLWRiYzA1ZDFiZDJlN9gCAeACAQ&aid=304142&ucfs=1&arphpl=1&checkin=2025-10-06&checkout=2025-10-07&dest_id=-3715887&dest_type=city&group_adults=2&req_adults=2&no_rooms=1&group_children=0&req_children=0&hpos=23&hapos=168&sr_order=popularity&srpvid=7ee339dd707602b5&srepoch=1759479270&all_sr_blocks=871727501_404766740_6_0_0&highlighted_blocks=871727501_404766740_6_0_0&matching_block_id=871727501_404766740_6_0_0&sr_pri_blocks=871727501_404766740_6_0_0__134250000&from=searchresults
Valentino Homestay Hue,960000,"Mon, Oct 6","Tue, Oct 7",8.8,3,Hue,224,Excellent,https://www.booking.com/hotel/vn/valentino-homestay.html?label=gen173nr-10CAEoggI46AdIM1gEaPQBiAEBmAEzuAEXyAEM2AED6AEB-AEBiAIBqAIBuAK78OPGBsACAdICJDg2NTdiNzM2LTFhYTYtNDAzNC1hZmUyLWRiYzA1ZDFiZDJlN9gCAeACAQ&aid=304142&ucfs=1&arphpl=1&checkin=2025-10-06&checkout=2025-10-07&dest_id=-3715887&dest_type=city&group_adults=2&req_adults=2&no_rooms=1&group_children=0&req_children=0&hpos=24&hapos=169&sr_order=popularity&srpvid=7ee339dd707602b5&srepoch=1759479270&all_sr_blocks=872539701_389896548_2_2_0_1090118&highlighted_blocks=872539701_389896548_2_2_0_1090118&matching_block_id=872539701_389896548_2_2_0_1090118&sr_pri_blocks=872539701_389896548_2_2_0_1090118_45120000&from=searchresults
Mandarin Homestay Hue,650000,"Mon, Oct 6","Tue, Oct 7",8.5,4,Hue,123,Very Good,https://www.booking.com/hotel/vn/spirit-hue.html?label=gen173nr-10CAEoggI46AdIM1gEaPQBiAEBmAEzuAEXyAEM2AED6AEB-AEBiAIBqAIBuAK78OPGBsACAdICJDg2NTdiNzM2LTFhYTYtNDAzNC1hZmUyLWRiYzA1ZDFiZDJlN9gCAeACAQ&aid=304142&ucfs=1&arphpl=1&checkin=2025-10-06&checkout=2025-10-07&dest_id=-3715887&dest_type=city&group_adults=2&req_adults=2&no_rooms=1&group_children=0&req_children=0&hpos=1&hapos=170&sr_order=popularity&srpvid=7ee339dd707602b5&srepoch=1759479279&all_sr_blocks=537003806_287875542_2_41_0&highlighted_blocks=537003806_287875542_2_41_0&matching_block_id=537003806_287875542_2_41_0&sr_pri_blocks=537003806_287875542_2_41_0__52000000&from=searchresults
Núi Homestay Huế,432000,"Mon, Oct 6","Tue, Oct 7",,0,Hue,,Exceptional,https://www.booking.com/hotel/vn/nui-homestay-thanh-pho-hue.html?label=gen173nr-10CAEoggI46AdIM1gEaPQBiAEBmAEzuAEXyAEM2AED6AEB-AEBiAIBqAIBuAK78OPGBsACAdICJDg2NTdiNzM2LTFhYTYtNDAzNC1hZmUyLWRiYzA1ZDFiZDJlN9gCAeACAQ&aid=304142&ucfs=1&arphpl=1&checkin=2025-10-06&checkout=2025-10-07&dest_id=-3715887&dest_type=city&group_adults=2&req_adults=2&no_rooms=1&group_children=0&req_children=0&hpos=2&hapos=171&sr_order=popularity&srpvid=7ee339dd707602b5&srepoch=1759479279&all_sr_blocks=1484308102_419901668_2_0_0&highlighted_blocks=1484308102_419901668_2_0_0&matching_block_id=1484308102_419901668_2_0_0&sr_pri_blocks=1484308102_419901668_2_0_0__34560000&from=searchresults
"Azerai La Residence, Hue",7052854,"Mon, Oct 6","Tue, Oct 7",9.3,5,Hue,229,Wonderful,https://www.booking.com/hotel/vn/azerai-la-residence-hue.html?label=gen173nr-10CAEoggI46AdIM1gEaPQBiAEBmAEzuAEXyAEM2AED6AEB-AEBiAIBqAIBuAK78OPGBsACAdICJDg2NTdiNzM2LTFhYTYtNDAzNC1hZmUyLWRiYzA1ZDFiZDJlN9gCAeACAQ&aid=304142&ucfs=1&arphpl=1&checkin=2025-10-06&checkout=2025-10-07&dest_id=-3715887&dest_type=city&group_adults=2&req_adults=2&no_rooms=1&group_children=0&req_children=0&hpos=3&hapos=172&sr_order=popularity&srpvid=7ee339dd707602b5&srepoch=1759479279&all_sr_blocks=23592415_121936629_0_33_0&highlighted_blocks=23592415_121936629_0_33_0&matching_block_id=23592415_121936629_0_33_0&sr_pri_blocks=23592415_121936629_0_33_0__458435500&from=searchresults
Ngoc Tung Mini Hotel,247500,"Mon, Oct 6","Tue, Oct 7",7.0,0,Hue,44,Good,https://www.booking.com/hotel/vn/ngoc-tung-mini.html?label=gen173nr-10CAEoggI46AdIM1gEaPQBiAEBmAEzuAEXyAEM2AED6AEB-AEBiAIBqAIBuAK78OPGBsACAdICJDg2NTdiNzM2LTFhYTYtNDAzNC1hZmUyLWRiYzA1ZDFiZDJlN9gCAeACAQ&aid=304142&ucfs=1&arphpl=1&checkin=2025-10-06&checkout=2025-10-07&dest_id=-3715887&dest_type=city&group_adults=2&req_adults=2&no_rooms=1&group_children=0&req_children=0&hpos=4&hapos=173&sr_order=popularity&srpvid=7ee339dd707602b5&srepoch=1759479279&all_sr_blocks=229786901_130047611_0_2_0&highlighted_blocks=229786901_130047611_0_2_0&matching_block_id=229786901_130047611_0_2_0&sr_pri_blocks=229786901_130047611_0_2_0__24750000&from=searchresults
Le Robinet Homestay,418500,"Mon, Oct 6","Tue, Oct 7",8.8,2,Hue,803,Excellent,https://www.booking.com/hotel/vn/le-robinet-homestay.html?label=gen173nr-10CAEoggI46AdIM1gEaPQBiAEBmAEzuAEXyAEM2AED6AEB-AEBiAIBqAIBuAK78OPGBsACAdICJDg2NTdiNzM2LTFhYTYtNDAzNC1hZmUyLWRiYzA1ZDFiZDJlN9gCAeACAQ&aid=304142&ucfs=1&arphpl=1&checkin=2025-10-06&checkout=2025-10-07&dest_id=-3715887&dest_type=city&group_adults=2&req_adults=2&no_rooms=1&group_children=0&req_children=0&hpos=5&hapos=174&sr_order=popularity&srpvid=7ee339dd707602b5&srepoch=1759479279&all_sr_blocks=339578901_239026882_2_2_0&highlighted_blocks=339578901_239026882_2_2_0&matching_block_id=339578901_239026882_2_2_0&sr_pri_blocks=339578901_239026882_2_2_0__41850000&from=searchresults
"Tom appartment gym and pool free, Hue",841752,"Mon, Oct 6","Tue, Oct 7",8.7,4,Hue,35,Excellent,https://www.booking.com/hotel/vn/tom-appartment-gym-and-pool-free.html?label=gen173nr-10CAEoggI46AdIM1gEaPQBiAEBmAEzuAEXyAEM2AED6AEB-AEBiAIBqAIBuAK78OPGBsACAdICJDg2NTdiNzM2LTFhYTYtNDAzNC1hZmUyLWRiYzA1ZDFiZDJlN9gCAeACAQ&aid=304142&ucfs=1&arphpl=1&checkin=2025-10-06&checkout=2025-10-07&dest_id=-3715887&dest_type=city&group_adults=2&req_adults=2&no_rooms=1&group_children=0&req_children=0&hpos=6&hapos=175&sr_order=popularity&srpvid=7ee339dd707602b5&srepoch=1759479279&all_sr_blocks=1152064101_387998284_2_0_0&highlighted_blocks=1152064101_387998284_2_0_0&matching_block_id=1152064101_387998284_2_0_0&sr_pri_blocks=1152064101_387998284_2_0_0__84175200&from=searchresults
Tin Tin Hue Hostel,256500,"Mon, Oct 6","Tue, Oct 7",5.1,0,Hue,177,Review score,https://www.booking.com/hotel/vn/tin-tin-hue-hostel.html?label=gen173nr-10CAEoggI46AdIM1gEaPQBiAEBmAEzuAEXyAEM2AED6AEB-AEBiAIBqAIBuAK78OPGBsACAdICJDg2NTdiNzM2LTFhYTYtNDAzNC1hZmUyLWRiYzA1ZDFiZDJlN9gCAeACAQ&aid=304142&ucfs=1&arphpl=1&checkin=2025-10-06&checkout=2025-10-07&dest_id=-3715887&dest_type=city&group_adults=2&req_adults=2&no_rooms=1&group_children=0&req_children=0&hpos=7&hapos=176&sr_order=popularity&srpvid=7ee339dd707602b5&srepoch=1759479279&all_sr_blocks=246207702_335374809_2_0_0&highlighted_blocks=246207702_335374809_2_0_0&matching_block_id=246207702_335374809_2_0_0&sr_pri_blocks=246207702_335374809_2_0_0__25650000&from=searchresults
Rose,223592,"Mon, Oct 6","Tue, Oct 7",8.8,0,Hue,49,Excellent,https://www.booking.com/hotel/vn/rose-hue.html?label=gen173nr-10CAEoggI46AdIM1gEaPQBiAEBmAEzuAEXyAEM2AED6AEB-AEBiAIBqAIBuAK78OPGBsACAdICJDg2NTdiNzM2LTFhYTYtNDAzNC1hZmUyLWRiYzA1ZDFiZDJlN9gCAeACAQ&aid=304142&ucfs=1&arphpl=1&checkin=2025-10-06&checkout=2025-10-07&dest_id=-3715887&dest_type=city&group_adults=2&req_adults=2&no_rooms=1&group_children=0&req_children=0&hpos=8&hapos=177&sr_order=popularity&srpvid=7ee339dd707602b5&srepoch=1759479279&all_sr_blocks=363390605_0_2_0_0&highlighted_blocks=363390605_0_2_0_0&matching_block_id=363390605_0_2_0_0&sr_pri_blocks=363390605_0_2_0_0__22359223&from=searchresults
Dat Anh Hotel,620000,"Mon, Oct 13","Tue, Oct 14",8.8,3,Hue,130,Excellent,https://www.booking.com/hotel/vn/dat-anh.html?label=gen173nr-10CAEoggI46AdIM1gEaPQBiAEBmAEzuAEXyAEM2AED6AEB-AEBiAIBqAIBuAK78OPGBsACAdICJDg2NTdiNzM2LTFhYTYtNDAzNC1hZmUyLWRiYzA1ZDFiZDJlN9gCAeACAQ&aid=304142&ucfs=1&arphpl=1&checkin=2025-10-13&checkout=2025-10-14&dest_id=-3715887&dest_type=city&group_adults=2&req_adults=2&no_rooms=1&group_children=0&req_children=0&hpos=9&hapos=178&sr_order=popularity&srpvid=7ee339dd707602b5&srepoch=1759479279&all_sr_blocks=475863910_149026205_2_42_0&highlighted_blocks=475863910_149026205_2_42_0&matching_block_id=475863910_149026205_2_42_0&sr_pri_blocks=475863910_149026205_2_42_0__40300000&from=searchresults
Happiest Homestay 1 - Manor Crown Hue,1280000,"Mon, Oct 6","Tue, Oct 7",9.4,4,Hue,88,Wonderful,https://www.booking.com/hotel/vn/happiest-homestay-hue.html?label=gen173nr-10CAEoggI46AdIM1gEaPQBiAEBmAEzuAEXyAEM2AED6AEB-AEBiAIBqAIBuAK78OPGBsACAdICJDg2NTdiNzM2LTFhYTYtNDAzNC1hZmUyLWRiYzA1ZDFiZDJlN9gCAeACAQ&aid=304142&ucfs=1&arphpl=1&checkin=2025-10-06&checkout=2025-10-07&dest_id=-3715887&dest_type=city&group_adults=2&req_adults=2&no_rooms=1&group_children=0&req_children=0&hpos=10&hapos=179&sr_order=popularity&srpvid=7ee339dd707602b5&srepoch=1759479279&all_sr_blocks=998764001_411000671_0_0_0&highlighted_blocks=998764001_411000671_0_0_0&matching_block_id=998764001_411000671_0_0_0&sr_pri_blocks=998764001_411000671_0_0_0__108800000&from=searchresults
Le Robinet Villa - a journey into Hue citadel soul,1970158,"Mon, Oct 6","Tue, Oct 7",9.2,4,Hue,99,Wonderful,https://www.booking.com/hotel/vn/le-robinet-villa.html?label=gen173nr-10CAEoggI46AdIM1gEaPQBiAEBmAEzuAEXyAEM2AED6AEB-AEBiAIBqAIBuAK78OPGBsACAdICJDg2NTdiNzM2LTFhYTYtNDAzNC1hZmUyLWRiYzA1ZDFiZDJlN9gCAeACAQ&aid=304142&ucfs=1&arphpl=1&checkin=2025-10-06&checkout=2025-10-07&dest_id=-3715887&dest_type=city&group_adults=2&req_adults=2&no_rooms=1&group_children=0&req_children=0&hpos=11&hapos=180&sr_order=popularity&srpvid=7ee339dd707602b5&srepoch=1759479279&all_sr_blocks=918711701_363464417_4_2_0&highlighted_blocks=918711701_363464417_4_2_0&matching_block_id=918711701_363464417_4_2_0&sr_pri_blocks=918711701_363464417_4_2_0__197015800&from=searchresults
"Moon homestay, apartment Hue",650000,"Mon, Oct 13","Tue, Oct 14",9.5,4,Hue,73,Exceptional,https://www.booking.com/hotel/vn/moon-homestay-thanh-pho-hue2.html?label=gen173nr-10CAEoggI46AdIM1gEaPQBiAEBmAEzuAEXyAEM2AED6AEB-AEBiAIBqAIBuAK78OPGBsACAdICJDg2NTdiNzM2LTFhYTYtNDAzNC1hZmUyLWRiYzA1ZDFiZDJlN9gCAeACAQ&aid=304142&ucfs=1&arphpl=1&checkin=2025-10-13&checkout=2025-10-14&dest_id=-3715887&dest_type=city&group_adults=2&req_adults=2&no_rooms=1&group_children=0&req_children=0&hpos=12&hapos=181&sr_order=popularity&srpvid=7ee339dd707602b5&srepoch=1759479279&all_sr_blocks=1114906402_399322227_2_0_0&highlighted_blocks=1114906402_399322227_2_0_0&matching_block_id=1114906402_399322227_2_0_0&sr_pri_blocks=1114906402_399322227_2_0_0__65000000&from=searchresults
Moon Sun Boutique Villa Hotel,671833,"Mon, Nov 10","Tue, Nov 11",8.8,0,Hue,325,Excellent,https://www.booking.com/hotel/vn/moon-sun-boutique-villa.html?label=gen173nr-10CAEoggI46AdIM1gEaPQBiAEBmAEzuAEXyAEM2AED6AEB-AEBiAIBqAIBuAK78OPGBsACAdICJDg2NTdiNzM2LTFhYTYtNDAzNC1hZmUyLWRiYzA1ZDFiZDJlN9gCAeACAQ&aid=304142&ucfs=1&arphpl=1&checkin=2025-11-10&checkout=2025-11-11&dest_id=-3715887&dest_type=city&group_adults=2&req_adults=2&no_rooms=1&group_children=0&req_children=0&hpos=13&hapos=182&sr_order=popularity&srpvid=7ee339dd707602b5&srepoch=1759479279&all_sr_blocks=945359407_0_2_1_0&highlighted_blocks=945359407_0_2_1_0&matching_block_id=945359407_0_2_1_0&sr_pri_blocks=945359407_0_2_1_0__67183263&from=searchresults
Q' Homestay Garden Villa,405000,"Mon, Oct 6","Tue, Oct 7",8.5,0,Hue,117,Very Good,https://www.booking.com/hotel/vn/q-homestay-hue-thanh-pho-hue2.html?label=gen173nr-10CAEoggI46AdIM1gEaPQBiAEBmAEzuAEXyAEM2AED6AEB-AEBiAIBqAIBuAK78OPGBsACAdICJDg2NTdiNzM2LTFhYTYtNDAzNC1hZmUyLWRiYzA1ZDFiZDJlN9gCAeACAQ&aid=304142&ucfs=1&arphpl=1&checkin=2025-10-06&checkout=2025-10-07&dest_id=-3715887&dest_type=city&group_adults=2&req_adults=2&no_rooms=1&group_children=0&req_children=0&hpos=14&hapos=183&sr_order=popularity&srpvid=7ee339dd707602b5&srepoch=1759479279&all_sr_blocks=1134736401_386131628_2_0_0_488453&highlighted_blocks=1134736401_386131628_2_0_0_488453&matching_block_id=1134736401_386131628_2_0_0_488453&sr_pri_blocks=1134736401_386131628_2_0_0_488453_40500000&from=searchresults
Hue Central Backpacker Hostel,256500,"Mon, Dec 29","Tue, Dec 30",7.4,0,Hue,126,Good,https://www.booking.com/hotel/vn/backpacker-hostel-thanh-pho-hue.html?label=gen173nr-10CAEoggI46AdIM1gEaPQBiAEBmAEzuAEXyAEM2AED6AEB-AEBiAIBqAIBuAK78OPGBsACAdICJDg2NTdiNzM2LTFhYTYtNDAzNC1hZmUyLWRiYzA1ZDFiZDJlN9gCAeACAQ&aid=304142&ucfs=1&arphpl=1&checkin=2025-12-29&checkout=2025-12-30&dest_id=-3715887&dest_type=city&group_adults=2&req_adults=2&no_rooms=1&group_children=0&req_children=0&hpos=15&hapos=184&sr_order=popularity&srpvid=7ee339dd707602b5&srepoch=1759479279&all_sr_blocks=1326642305_405274435_0_2_0%2C1326642305_405274435_0_2_0&highlighted_blocks=1326642305_405274435_0_2_0%2C1326642305_405274435_0_2_0&matching_block_id=1326642305_405274435_0_2_0&sr_pri_blocks=1326642305_405274435_0_2_0__12825000%2C1326642305_405274435_0_2_0__12825000&from=searchresults
Adora Homestay Hue,850000,"Mon, Oct 6","Tue, Oct 7",9.9,0,Hue,7,Exceptional,https://www.booking.com/hotel/vn/adora-homestay-thanh-pho-hue.html?label=gen173nr-10CAEoggI46AdIM1gEaPQBiAEBmAEzuAEXyAEM2AED6AEB-AEBiAIBqAIBuAK78OPGBsACAdICJDg2NTdiNzM2LTFhYTYtNDAzNC1hZmUyLWRiYzA1ZDFiZDJlN9gCAeACAQ&aid=304142&ucfs=1&arphpl=1&checkin=2025-10-06&checkout=2025-10-07&dest_id=-3715887&dest_type=city&group_adults=2&req_adults=2&no_rooms=1&group_children=0&req_children=0&hpos=16&hapos=185&sr_order=popularity&srpvid=7ee339dd707602b5&srepoch=1759479279&all_sr_blocks=1409164404_413894311_0_0_0_1090092&highlighted_blocks=1409164404_413894311_0_0_0_1090092&matching_block_id=1409164404_413894311_0_0_0_1090092&sr_pri_blocks=1409164404_413894311_0_0_0_1090092_38250000&from=searchresults
Tò Vò Hostel Nguyễn Công Trứ,387000,"Mon, Oct 6","Tue, Oct 7",8.8,0,Hue,33,Excellent,https://www.booking.com/hotel/vn/tovo-hostel-2.html?label=gen173nr-10CAEoggI46AdIM1gEaPQBiAEBmAEzuAEXyAEM2AED6AEB-AEBiAIBqAIBuAK78OPGBsACAdICJDg2NTdiNzM2LTFhYTYtNDAzNC1hZmUyLWRiYzA1ZDFiZDJlN9gCAeACAQ&aid=304142&ucfs=1&arphpl=1&checkin=2025-10-06&checkout=2025-10-07&dest_id=-3715887&dest_type=city&group_adults=2&req_adults=2&no_rooms=1&group_children=0&req_children=0&hpos=17&hapos=186&sr_order=popularity&srpvid=7ee339dd707602b5&srepoch=1759479279&all_sr_blocks=1296732502_402581225_2_2_0&highlighted_blocks=1296732502_402581225_2_2_0&matching_block_id=1296732502_402581225_2_2_0&sr_pri_blocks=1296732502_402581225_2_2_0__32895000&from=searchresults
The Times Hotel,510000,"Mon, Oct 6","Tue, Oct 7",9.2,2,Hue,520,Wonderful,https://www.booking.com/hotel/vn/the-times.html?label=gen173nr-10CAEoggI46AdIM1gEaPQBiAEBmAEzuAEXyAEM2AED6AEB-AEBiAIBqAIBuAK78OPGBsACAdICJDg2NTdiNzM2LTFhYTYtNDAzNC1hZmUyLWRiYzA1ZDFiZDJlN9gCAeACAQ&aid=304142&ucfs=1&arphpl=1&checkin=2025-10-06&checkout=2025-10-07&dest_id=-3715887&dest_type=city&group_adults=2&req_adults=2&no_rooms=1&group_children=0&req_children=0&hpos=18&hapos=187&sr_order=popularity&srpvid=7ee339dd707602b5&srepoch=1759479279&all_sr_blocks=216187516_130047102_0_2_0&highlighted_blocks=216187516_130047102_0_2_0&matching_block_id=216187516_130047102_0_2_0&sr_pri_blocks=216187516_130047102_0_2_0__40800000&from=searchresults
Nhà Nghỉ Ánh Ngọc,220000,"Mon, Oct 6","Tue, Oct 7",7.4,0,Hue,23,Good,https://www.booking.com/hotel/vn/nha-nghi-anh-ngoc-thanh-pho-hue.html?label=gen173nr-10CAEoggI46AdIM1gEaPQBiAEBmAEzuAEXyAEM2AED6AEB-AEBiAIBqAIBuAK78OPGBsACAdICJDg2NTdiNzM2LTFhYTYtNDAzNC1hZmUyLWRiYzA1ZDFiZDJlN9gCAeACAQ&aid=304142&ucfs=1&arphpl=1&checkin=2025-10-06&checkout=2025-10-07&dest_id=-3715887&dest_type=city&group_adults=2&req_adults=2&no_rooms=1&group_children=0&req_children=0&hpos=19&hapos=188&sr_order=popularity&srpvid=7ee339dd707602b5&srepoch=1759479279&all_sr_blocks=1171085301_408244780_2_0_0&highlighted_blocks=1171085301_408244780_2_0_0&matching_block_id=1171085301_408244780_2_0_0&sr_pri_blocks=1171085301_408244780_2_0_0__22000000&from=searchresults
HOUSE OF LÝ,390000,"Mon, Oct 6","Tue, Oct 7",9.4,0,Hue,376,Wonderful,https://www.booking.com/hotel/vn/house-of-ly-thanh-pho-hue.html?label=gen173nr-10CAEoggI46AdIM1gEaPQBiAEBmAEzuAEXyAEM2AED6AEB-AEBiAIBqAIBuAK78OPGBsACAdICJDg2NTdiNzM2LTFhYTYtNDAzNC1hZmUyLWRiYzA1ZDFiZDJlN9gCAeACAQ&aid=304142&ucfs=1&arphpl=1&checkin=2025-10-06&checkout=2025-10-07&dest_id=-3715887&dest_type=city&group_adults=2&req_adults=2&no_rooms=1&group_children=0&req_children=0&hpos=20&hapos=189&sr_order=popularity&srpvid=7ee339dd707602b5&srepoch=1759479279&all_sr_blocks=699229302_288192720_2_0_0&highlighted_blocks=699229302_288192720_2_0_0&matching_block_id=699229302_288192720_2_0_0&sr_pri_blocks=699229302_288192720_2_0_0__31200000&from=searchresults
Amy Hotel & Apart' Hue,735000,"Mon, Oct 6","Tue, Oct 7",9.0,4,Hue,392,Wonderful,https://www.booking.com/hotel/vn/white-house-amp-apartment-thanh-pho-hue.html?label=gen173nr-10CAEoggI46AdIM1gEaPQBiAEBmAEzuAEXyAEM2AED6AEB-AEBiAIBqAIBuAK78OPGBsACAdICJDg2NTdiNzM2LTFhYTYtNDAzNC1hZmUyLWRiYzA1ZDFiZDJlN9gCAeACAQ&aid=304142&ucfs=1&arphpl=1&checkin=2025-10-06&checkout=2025-10-07&dest_id=-3715887&dest_type=city&group_adults=2&req_adults=2&no_rooms=1&group_children=0&req_children=0&hpos=21&hapos=190&sr_order=popularity&srpvid=7ee339dd707602b5&srepoch=1759479279&all_sr_blocks=846841804_412226736_0_0_0_132272&highlighted_blocks=846841804_412226736_0_0_0_132272&matching_block_id=846841804_412226736_0_0_0_132272&sr_pri_blocks=846841804_412226736_0_0_0_132272_51450000&from=searchresults
a Hue Homestay,333000,"Mon, Oct 6","Tue, Oct 7",9.3,3,Hue,3,Wonderful,https://www.booking.com/hotel/vn/a-hue-homestay.html?label=gen173nr-10CAEoggI46AdIM1gEaPQBiAEBmAEzuAEXyAEM2AED6AEB-AEBiAIBqAIBuAK78OPGBsACAdICJDg2NTdiNzM2LTFhYTYtNDAzNC1hZmUyLWRiYzA1ZDFiZDJlN9gCAeACAQ&aid=304142&ucfs=1&arphpl=1&checkin=2025-10-06&checkout=2025-10-07&dest_id=-3715887&dest_type=city&group_adults=2&req_adults=2&no_rooms=1&group_children=0&req_children=0&hpos=22&hapos=191&sr_order=popularity&srpvid=7ee339dd707602b5&srepoch=1759479279&all_sr_blocks=1406325905_417047462_2_0_0&highlighted_blocks=1406325905_417047462_2_0_0&matching_block_id=1406325905_417047462_2_0_0&sr_pri_blocks=1406325905_417047462_2_0_0__33300000&from=searchresults
Homestay Be,234900,"Mon, Nov 3","Tue, Nov 4",8.3,0,Hue,16,Very Good,https://www.booking.com/hotel/vn/homestay-be-thanh-pho-hue.html?label=gen173nr-10CAEoggI46AdIM1gEaPQBiAEBmAEzuAEXyAEM2AED6AEB-AEBiAIBqAIBuAK78OPGBsACAdICJDg2NTdiNzM2LTFhYTYtNDAzNC1hZmUyLWRiYzA1ZDFiZDJlN9gCAeACAQ&aid=304142&ucfs=1&arphpl=1&checkin=2025-11-03&checkout=2025-11-04&dest_id=-3715887&dest_type=city&group_adults=2&req_adults=2&no_rooms=1&group_children=0&req_children=0&hpos=23&hapos=192&sr_order=popularity&srpvid=7ee339dd707602b5&srepoch=1759479279&all_sr_blocks=1421157901_413752666_2_0_0&highlighted_blocks=1421157901_413752666_2_0_0&matching_block_id=1421157901_413752666_2_0_0&sr_pri_blocks=1421157901_413752666_2_0_0__19966500&from=searchresults
Nemo Homestay,342384,"Mon, Oct 6","Tue, Oct 7",8.8,0,Hue,183,Excellent,https://www.booking.com/hotel/vn/beto-homestay.html?label=gen173nr-10CAEoggI46AdIM1gEaPQBiAEBmAEzuAEXyAEM2AED6AEB-AEBiAIBqAIBuAK78OPGBsACAdICJDg2NTdiNzM2LTFhYTYtNDAzNC1hZmUyLWRiYzA1ZDFiZDJlN9gCAeACAQ&aid=304142&ucfs=1&arphpl=1&checkin=2025-10-06&checkout=2025-10-07&dest_id=-3715887&dest_type=city&group_adults=2&req_adults=2&no_rooms=1&group_children=0&req_children=0&hpos=24&hapos=193&sr_order=popularity&srpvid=7ee339dd707602b5&srepoch=1759479279&all_sr_blocks=714888201_0_2_0_0&highlighted_blocks=714888201_0_2_0_0&matching_block_id=714888201_0_2_0_0&sr_pri_blocks=714888201_0_2_0_0__34238386&from=searchresults
Gió Hotel in Huế,469000,"Mon, Oct 6","Tue, Oct 7",8.8,0,Hue,20,Excellent,https://www.booking.com/hotel/vn/gio-in-hue.html?label=gen173nr-10CAEoggI46AdIM1gEaPQBiAEBmAEzuAEXyAEM2AED6AEB-AEBiAIBqAIBuAK78OPGBsACAdICJDg2NTdiNzM2LTFhYTYtNDAzNC1hZmUyLWRiYzA1ZDFiZDJlN9gCAeACAQ&aid=304142&ucfs=1&arphpl=1&checkin=2025-10-06&checkout=2025-10-07&dest_id=-3715887&dest_type=city&group_adults=2&req_adults=2&no_rooms=1&group_children=0&req_children=0&hpos=25&hapos=194&sr_order=popularity&srpvid=7ee339dd707602b5&srepoch=1759479279&all_sr_blocks=1431272304_418814684_2_0_0&highlighted_blocks=1431272304_418814684_2_0_0&matching_block_id=1431272304_418814684_2_0_0&sr_pri_blocks=1431272304_418814684_2_0_0__46900000&from=searchresults
Alba Hotel,580231,"Mon, Oct 6","Tue, Oct 7",8.8,3,Hue,588,Excellent,https://www.booking.com/hotel/vn/hue-queen-2.html?label=gen173nr-10CAEoggI46AdIM1gEaPQBiAEBmAEzuAEXyAEM2AED6AEB-AEBiAIBqAIBuAK78OPGBsACAdICJDg2NTdiNzM2LTFhYTYtNDAzNC1hZmUyLWRiYzA1ZDFiZDJlN9gCAeACAQ&aid=304142&ucfs=1&arphpl=1&checkin=2025-10-06&checkout=2025-10-07&dest_id=-3715887&dest_type=city&group_adults=2&req_adults=2&no_rooms=1&group_children=0&req_children=0&hpos=1&hapos=195&sr_order=popularity&srpvid=7ee339dd707602b5&srepoch=1759479292&all_sr_blocks=26547605_0_2_0_0&highlighted_blocks=26547605_0_2_0_0&matching_block_id=26547605_0_2_0_0&sr_pri_blocks=26547605_0_2_0_0__58023108&from=searchresults
Như Ý Riverside Homestay,397100,"Mon, Oct 6","Tue, Oct 7",9.6,3,Hue,135,Exceptional,https://www.booking.com/hotel/vn/nhu-y-riverside-homestay-thanh-pho-hue.html?label=gen173nr-10CAEoggI46AdIM1gEaPQBiAEBmAEzuAEXyAEM2AED6AEB-AEBiAIBqAIBuAK78OPGBsACAdICJDg2NTdiNzM2LTFhYTYtNDAzNC1hZmUyLWRiYzA1ZDFiZDJlN9gCAeACAQ&aid=304142&ucfs=1&arphpl=1&checkin=2025-10-06&checkout=2025-10-07&dest_id=-3715887&dest_type=city&group_adults=2&req_adults=2&no_rooms=1&group_children=0&req_children=0&hpos=2&hapos=196&sr_order=popularity&srpvid=7ee339dd707602b5&srepoch=1759479292&all_sr_blocks=1243059202_396221883_3_0_0&highlighted_blocks=1243059202_396221883_3_0_0&matching_block_id=1243059202_396221883_3_0_0&sr_pri_blocks=1243059202_396221883_3_0_0__39710000&from=searchresults
The Dreamers Homestay,682000,"Mon, Oct 6","Tue, Oct 7",9.1,0,Hue,233,Wonderful,https://www.booking.com/hotel/vn/the-dreamers-homestay.html?label=gen173nr-10CAEoggI46AdIM1gEaPQBiAEBmAEzuAEXyAEM2AED6AEB-AEBiAIBqAIBuAK78OPGBsACAdICJDg2NTdiNzM2LTFhYTYtNDAzNC1hZmUyLWRiYzA1ZDFiZDJlN9gCAeACAQ&aid=304142&ucfs=1&arphpl=1&checkin=2025-10-06&checkout=2025-10-07&dest_id=-3715887&dest_type=city&group_adults=2&req_adults=2&no_rooms=1&group_children=0&req_children=0&hpos=3&hapos=197&sr_order=popularity&srpvid=7ee339dd707602b5&srepoch=1759479292&all_sr_blocks=772214802_373263765_2_1_0&highlighted_blocks=772214802_373263765_2_1_0&matching_block_id=772214802_373263765_2_1_0&sr_pri_blocks=772214802_373263765_2_1_0__68200000&from=searchresults
Vuglamping,150000,"Mon, Oct 6","Tue, Oct 7",8.9,0,Hue,58,Excellent,https://www.booking.com/hotel/vn/vu-glamping.html?label=gen173nr-10CAEoggI46AdIM1gEaPQBiAEBmAEzuAEXyAEM2AED6AEB-AEBiAIBqAIBuAK78OPGBsACAdICJDg2NTdiNzM2LTFhYTYtNDAzNC1hZmUyLWRiYzA1ZDFiZDJlN9gCAeACAQ&aid=304142&ucfs=1&arphpl=1&checkin=2025-10-06&checkout=2025-10-07&dest_id=-3715887&dest_type=city&group_adults=2&req_adults=2&no_rooms=1&group_children=0&req_children=0&hpos=4&hapos=198&sr_order=popularity&srpvid=7ee339dd707602b5&srepoch=1759479292&all_sr_blocks=1133215701_385977426_0_2_0&highlighted_blocks=1133215701_385977426_0_2_0&matching_block_id=1133215701_385977426_0_2_0&sr_pri_blocks=1133215701_385977426_0_2_0__15000000&from=searchresults
Hajime Homestay Hue,1349000,"Mon, Oct 6","Tue, Oct 7",9.9,0,Hue,139,Exceptional,https://www.booking.com/hotel/vn/hajime-homestay-hue.html?label=gen173nr-10CAEoggI46AdIM1gEaPQBiAEBmAEzuAEXyAEM2AED6AEB-AEBiAIBqAIBuAK78OPGBsACAdICJDg2NTdiNzM2LTFhYTYtNDAzNC1hZmUyLWRiYzA1ZDFiZDJlN9gCAeACAQ&aid=304142&ucfs=1&arphpl=1&checkin=2025-10-06&checkout=2025-10-07&dest_id=-3715887&dest_type=city&group_adults=2&req_adults=2&no_rooms=1&group_children=0&req_children=0&hpos=5&hapos=199&sr_order=popularity&srpvid=7ee339dd707602b5&srepoch=1759479292&all_sr_blocks=1159704904_391563537_2_2_0_378808&highlighted_blocks=1159704904_391563537_2_2_0_378808&matching_block_id=1159704904_391563537_2_2_0_378808&sr_pri_blocks=1159704904_391563537_2_2_0_378808_94430000&from=searchresults
Huế Thơ Homestay,220000,"Mon, Oct 6","Tue, Oct 7",8.9,0,Hue,228,Excellent,https://www.booking.com/hotel/vn/hue-tho-homestay.html?label=gen173nr-10CAEoggI46AdIM1gEaPQBiAEBmAEzuAEXyAEM2AED6AEB-AEBiAIBqAIBuAK78OPGBsACAdICJDg2NTdiNzM2LTFhYTYtNDAzNC1hZmUyLWRiYzA1ZDFiZDJlN9gCAeACAQ&aid=304142&ucfs=1&arphpl=1&checkin=2025-10-06&checkout=2025-10-07&dest_id=-3715887&dest_type=city&group_adults=2&req_adults=2&no_rooms=1&group_children=0&req_children=0&hpos=6&hapos=200&sr_order=popularity&srpvid=7ee339dd707602b5&srepoch=1759479292&all_sr_blocks=887971810_413632772_2_42_0&highlighted_blocks=887971810_413632772_2_42_0&matching_block_id=887971810_413632772_2_42_0&sr_pri_blocks=887971810_413632772_2_42_0__22000000&from=searchresults
Asean Garden Homestay Hue,480000,"Mon, Oct 6","Tue, Oct 7",8.3,0,Hue,162,Very Good,https://www.booking.com/hotel/vn/asean-garden-homestay-hue.html?label=gen173nr-10CAEoggI46AdIM1gEaPQBiAEBmAEzuAEXyAEM2AED6AEB-AEBiAIBqAIBuAK78OPGBsACAdICJDg2NTdiNzM2LTFhYTYtNDAzNC1hZmUyLWRiYzA1ZDFiZDJlN9gCAeACAQ&aid=304142&ucfs=1&arphpl=1&checkin=2025-10-06&checkout=2025-10-07&dest_id=-3715887&dest_type=city&group_adults=2&req_adults=2&no_rooms=1&group_children=0&req_children=0&hpos=7&hapos=201&sr_order=popularity&srpvid=7ee339dd707602b5&srepoch=1759479292&all_sr_blocks=612395001_411169789_2_0_0&highlighted_blocks=612395001_411169789_2_0_0&matching_block_id=612395001_411169789_2_0_0&sr_pri_blocks=612395001_411169789_2_0_0__36000000&from=searchresults
Timothy Homestay Hue,700000,"Mon, Oct 6","Tue, Oct 7",9.3,3,Hue,422,Wonderful,https://www.booking.com/hotel/vn/timothy-homestay.html?label=gen173nr-10CAEoggI46AdIM1gEaPQBiAEBmAEzuAEXyAEM2AED6AEB-AEBiAIBqAIBuAK78OPGBsACAdICJDg2NTdiNzM2LTFhYTYtNDAzNC1hZmUyLWRiYzA1ZDFiZDJlN9gCAeACAQ&aid=304142&ucfs=1&arphpl=1&checkin=2025-10-06&checkout=2025-10-07&dest_id=-3715887&dest_type=city&group_adults=2&req_adults=2&no_rooms=1&group_children=0&req_children=0&hpos=8&hapos=202&sr_order=popularity&srpvid=7ee339dd707602b5&srepoch=1759479292&all_sr_blocks=283544007_379520977_2_1_0&highlighted_blocks=283544007_379520977_2_1_0&matching_block_id=283544007_379520977_2_1_0&sr_pri_blocks=283544007_379520977_2_1_0__70000000&from=searchresults
Anh Tuấn Motel,190000,"Mon, Oct 6","Tue, Oct 7",4.4,0,Hue,14,Review score,https://www.booking.com/hotel/vn/anh-tuan-motel.html?label=gen173nr-10CAEoggI46AdIM1gEaPQBiAEBmAEzuAEXyAEM2AED6AEB-AEBiAIBqAIBuAK78OPGBsACAdICJDg2NTdiNzM2LTFhYTYtNDAzNC1hZmUyLWRiYzA1ZDFiZDJlN9gCAeACAQ&aid=304142&ucfs=1&arphpl=1&checkin=2025-10-06&checkout=2025-10-07&dest_id=-3715887&dest_type=city&group_adults=2&req_adults=2&no_rooms=1&group_children=0&req_children=0&hpos=9&hapos=203&sr_order=popularity&srpvid=7ee339dd707602b5&srepoch=1759479292&all_sr_blocks=1114496501_384360945_2_0_0&highlighted_blocks=1114496501_384360945_2_0_0&matching_block_id=1114496501_384360945_2_0_0&sr_pri_blocks=1114496501_384360945_2_0_0__19000000&from=searchresults
SHARE Hostel & Coffee,400000,"Mon, Oct 27","Tue, Oct 28",9.4,0,Hue,9,Wonderful,https://www.booking.com/hotel/vn/hostel-amp-coffee-share.html?label=gen173nr-10CAEoggI46AdIM1gEaPQBiAEBmAEzuAEXyAEM2AED6AEB-AEBiAIBqAIBuAK78OPGBsACAdICJDg2NTdiNzM2LTFhYTYtNDAzNC1hZmUyLWRiYzA1ZDFiZDJlN9gCAeACAQ&aid=304142&ucfs=1&arphpl=1&checkin=2025-10-27&checkout=2025-10-28&dest_id=-3715887&dest_type=city&group_adults=2&req_adults=2&no_rooms=1&group_children=0&req_children=0&hpos=10&hapos=204&sr_order=popularity&srpvid=7ee339dd707602b5&srepoch=1759479292&all_sr_blocks=1446446205_416036062_2_0_0&highlighted_blocks=1446446205_416036062_2_0_0&matching_block_id=1446446205_416036062_2_0_0&sr_pri_blocks=1446446205_416036062_2_0_0__40000000&from=searchresults
DRAGON HUE HOTEL,820000,"Mon, Oct 13","Tue, Oct 14",8.8,2,Hue,269,Excellent,https://www.booking.com/hotel/vn/dragon-hue.html?label=gen173nr-10CAEoggI46AdIM1gEaPQBiAEBmAEzuAEXyAEM2AED6AEB-AEBiAIBqAIBuAK78OPGBsACAdICJDg2NTdiNzM2LTFhYTYtNDAzNC1hZmUyLWRiYzA1ZDFiZDJlN9gCAeACAQ&aid=304142&ucfs=1&arphpl=1&checkin=2025-10-13&checkout=2025-10-14&dest_id=-3715887&dest_type=city&group_adults=2&req_adults=2&no_rooms=1&group_children=0&req_children=0&hpos=11&hapos=205&sr_order=popularity&srpvid=7ee339dd707602b5&srepoch=1759479292&all_sr_blocks=1181056005_390549421_2_0_0&highlighted_blocks=1181056005_390549421_2_0_0&matching_block_id=1181056005_390549421_2_0_0&sr_pri_blocks=1181056005_390549421_2_0_0__82000000&from=searchresults
Forest Tag Homestay - 26 Thanh Huong,450000,"Mon, Oct 6","Tue, Oct 7",8.8,0,Hue,12,Excellent,https://www.booking.com/hotel/vn/forest-tag-homestay-26-thanh-huong.html?label=gen173nr-10CAEoggI46AdIM1gEaPQBiAEBmAEzuAEXyAEM2AED6AEB-AEBiAIBqAIBuAK78OPGBsACAdICJDg2NTdiNzM2LTFhYTYtNDAzNC1hZmUyLWRiYzA1ZDFiZDJlN9gCAeACAQ&aid=304142&ucfs=1&arphpl=1&checkin=2025-10-06&checkout=2025-10-07&dest_id=-3715887&dest_type=city&group_adults=2&req_adults=2&no_rooms=1&group_children=0&req_children=0&hpos=12&hapos=206&sr_order=popularity&srpvid=7ee339dd707602b5&srepoch=1759479292&all_sr_blocks=1076473701_380235990_2_0_0&highlighted_blocks=1076473701_380235990_2_0_0&matching_block_id=1076473701_380235990_2_0_0&sr_pri_blocks=1076473701_380235990_2_0_0__36000000&from=searchresults
Purple Hue - Charming Riverside,315000,"Mon, Oct 6","Tue, Oct 7",9.2,4,Hue,161,Wonderful,https://www.booking.com/hotel/vn/hue-charming-bnb.html?label=gen173nr-10CAEoggI46AdIM1gEaPQBiAEBmAEzuAEXyAEM2AED6AEB-AEBiAIBqAIBuAK78OPGBsACAdICJDg2NTdiNzM2LTFhYTYtNDAzNC1hZmUyLWRiYzA1ZDFiZDJlN9gCAeACAQ&aid=304142&ucfs=1&arphpl=1&checkin=2025-10-06&checkout=2025-10-07&dest_id=-3715887&dest_type=city&group_adults=2&req_adults=2&no_rooms=1&group_children=0&req_children=0&hpos=13&hapos=207&sr_order=popularity&srpvid=7ee339dd707602b5&srepoch=1759479292&all_sr_blocks=564769901_243254591_2_0_0&highlighted_blocks=564769901_243254591_2_0_0&matching_block_id=564769901_243254591_2_0_0&sr_pri_blocks=564769901_243254591_2_0_0__31500000&from=searchresults
LaLa Penthouse,466455,"Mon, Oct 6","Tue, Oct 7",9.0,0,Hue,47,Wonderful,https://www.booking.com/hotel/vn/lala-penthouse.html?label=gen173nr-10CAEoggI46AdIM1gEaPQBiAEBmAEzuAEXyAEM2AED6AEB-AEBiAIBqAIBuAK78OPGBsACAdICJDg2NTdiNzM2LTFhYTYtNDAzNC1hZmUyLWRiYzA1ZDFiZDJlN9gCAeACAQ&aid=304142&ucfs=1&arphpl=1&checkin=2025-10-06&checkout=2025-10-07&dest_id=-3715887&dest_type=city&group_adults=2&req_adults=2&no_rooms=1&group_children=0&req_children=0&hpos=14&hapos=208&sr_order=popularity&srpvid=7ee339dd707602b5&srepoch=1759479292&all_sr_blocks=1198612401_0_2_0_0&highlighted_blocks=1198612401_0_2_0_0&matching_block_id=1198612401_0_2_0_0&sr_pri_blocks=1198612401_0_2_0_0__46645511&from=searchresults
Vả Riverside Retreat,1210000,"Mon, Oct 6","Tue, Oct 7",9.7,0,Hue,22,Exceptional,https://www.booking.com/hotel/vn/va-riverside-retreat-hue.html?label=gen173nr-10CAEoggI46AdIM1gEaPQBiAEBmAEzuAEXyAEM2AED6AEB-AEBiAIBqAIBuAK78OPGBsACAdICJDg2NTdiNzM2LTFhYTYtNDAzNC1hZmUyLWRiYzA1ZDFiZDJlN9gCAeACAQ&aid=304142&ucfs=1&arphpl=1&checkin=2025-10-06&checkout=2025-10-07&dest_id=-3715887&dest_type=city&group_adults=2&req_adults=2&no_rooms=1&group_children=0&req_children=0&hpos=15&hapos=209&sr_order=popularity&srpvid=7ee339dd707602b5&srepoch=1759479292&all_sr_blocks=1389063704_410900594_2_1_0&highlighted_blocks=1389063704_410900594_2_1_0&matching_block_id=1389063704_410900594_2_1_0&sr_pri_blocks=1389063704_410900594_2_1_0__121000000&from=searchresults
Chi's Homestay & Coffee,460000,"Mon, Oct 6","Tue, Oct 7",8.9,0,Hue,228,Excellent,https://www.booking.com/hotel/vn/chis-homestay-amp-coffee.html?label=gen173nr-10CAEoggI46AdIM1gEaPQBiAEBmAEzuAEXyAEM2AED6AEB-AEBiAIBqAIBuAK78OPGBsACAdICJDg2NTdiNzM2LTFhYTYtNDAzNC1hZmUyLWRiYzA1ZDFiZDJlN9gCAeACAQ&aid=304142&ucfs=1&arphpl=1&checkin=2025-10-06&checkout=2025-10-07&dest_id=-3715887&dest_type=city&group_adults=2&req_adults=2&no_rooms=1&group_children=0&req_children=0&hpos=16&hapos=210&sr_order=popularity&srpvid=7ee339dd707602b5&srepoch=1759479292&all_sr_blocks=949581601_367616750_2_2_0&highlighted_blocks=949581601_367616750_2_2_0&matching_block_id=949581601_367616750_2_2_0&sr_pri_blocks=949581601_367616750_2_2_0__46000000&from=searchresults
Romance Hotel,999170,"Mon, Oct 6","Tue, Oct 7",9.0,0,Hue,223,Wonderful,https://www.booking.com/hotel/vn/romance.html?label=gen173nr-10CAEoggI46AdIM1gEaPQBiAEBmAEzuAEXyAEM2AED6AEB-AEBiAIBqAIBuAK78OPGBsACAdICJDg2NTdiNzM2LTFhYTYtNDAzNC1hZmUyLWRiYzA1ZDFiZDJlN9gCAeACAQ&aid=304142&ucfs=1&arphpl=1&checkin=2025-10-06&checkout=2025-10-07&dest_id=-3715887&dest_type=city&group_adults=2&req_adults=2&no_rooms=1&group_children=0&req_children=0&hpos=17&hapos=211&sr_order=popularity&srpvid=7ee339dd707602b5&srepoch=1759479292&all_sr_blocks=0_0_2_1_0&highlighted_blocks=0_0_2_1_0&matching_block_id=0_0_2_1_0&sr_pri_blocks=0_0_2_1_0__99916954&from=searchresults
Chi Homestay #3,450000,"Mon, Oct 6","Tue, Oct 7",9.6,0,Hue,21,Exceptional,https://www.booking.com/hotel/vn/chi-homestay-3.html?label=gen173nr-10CAEoggI46AdIM1gEaPQBiAEBmAEzuAEXyAEM2AED6AEB-AEBiAIBqAIBuAK78OPGBsACAdICJDg2NTdiNzM2LTFhYTYtNDAzNC1hZmUyLWRiYzA1ZDFiZDJlN9gCAeACAQ&aid=304142&ucfs=1&arphpl=1&checkin=2025-10-06&checkout=2025-10-07&dest_id=-3715887&dest_type=city&group_adults=2&req_adults=2&no_rooms=1&group_children=0&req_children=0&hpos=18&hapos=212&sr_order=popularity&srpvid=7ee339dd707602b5&srepoch=1759479292&all_sr_blocks=498093201_167860010_2_0_0&highlighted_blocks=498093201_167860010_2_0_0&matching_block_id=498093201_167860010_2_0_0&sr_pri_blocks=498093201_167860010_2_0_0__45000000&from=searchresults
Bonjour Hostel,436050,"Mon, Oct 20","Tue, Oct 21",8.5,0,Hue,396,Very Good,https://www.booking.com/hotel/vn/bonjour-hostel.html?label=gen173nr-10CAEoggI46AdIM1gEaPQBiAEBmAEzuAEXyAEM2AED6AEB-AEBiAIBqAIBuAK78OPGBsACAdICJDg2NTdiNzM2LTFhYTYtNDAzNC1hZmUyLWRiYzA1ZDFiZDJlN9gCAeACAQ&aid=304142&ucfs=1&arphpl=1&checkin=2025-10-20&checkout=2025-10-21&dest_id=-3715887&dest_type=city&group_adults=2&req_adults=2&no_rooms=1&group_children=0&req_children=0&hpos=19&hapos=213&sr_order=popularity&srpvid=7ee339dd707602b5&srepoch=1759479292&all_sr_blocks=229230602_130047690_2_2_0&highlighted_blocks=229230602_130047690_2_2_0&matching_block_id=229230602_130047690_2_2_0&sr_pri_blocks=229230602_130047690_2_2_0__43605000&from=searchresults
Thanh Lich Hue Hotel,757099,"Mon, Oct 6","Tue, Oct 7",8.9,3,Hue,573,Excellent,https://www.booking.com/hotel/vn/thanh-lich-2.html?label=gen173nr-10CAEoggI46AdIM1gEaPQBiAEBmAEzuAEXyAEM2AED6AEB-AEBiAIBqAIBuAK78OPGBsACAdICJDg2NTdiNzM2LTFhYTYtNDAzNC1hZmUyLWRiYzA1ZDFiZDJlN9gCAeACAQ&aid=304142&ucfs=1&arphpl=1&checkin=2025-10-06&checkout=2025-10-07&dest_id=-3715887&dest_type=city&group_adults=2&req_adults=2&no_rooms=1&group_children=0&req_children=0&hpos=20&hapos=214&sr_order=popularity&srpvid=7ee339dd707602b5&srepoch=1759479292&all_sr_blocks=122381801_0_2_1_0&highlighted_blocks=122381801_0_2_1_0&matching_block_id=122381801_0_2_1_0&sr_pri_blocks=122381801_0_2_1_0__75709861&from=searchresults
Lotus Garden House Centre,890000,"Mon, Dec 1","Tue, Dec 2",,0,Hue,3,Exceptional,https://www.booking.com/hotel/vn/lotus-garden-house-centre.html?label=gen173nr-10CAEoggI46AdIM1gEaPQBiAEBmAEzuAEXyAEM2AED6AEB-AEBiAIBqAIBuAK78OPGBsACAdICJDg2NTdiNzM2LTFhYTYtNDAzNC1hZmUyLWRiYzA1ZDFiZDJlN9gCAeACAQ&aid=304142&ucfs=1&arphpl=1&checkin=2025-12-01&checkout=2025-12-02&dest_id=-3715887&dest_type=city&group_adults=2&req_adults=2&no_rooms=1&group_children=0&req_children=0&hpos=21&hapos=215&sr_order=popularity&srpvid=7ee339dd707602b5&srepoch=1759479292&all_sr_blocks=1470881402_418432062_2_2_0&highlighted_blocks=1470881402_418432062_2_2_0&matching_block_id=1470881402_418432062_2_2_0&sr_pri_blocks=1470881402_418432062_2_2_0__89000000&from=searchresults
Jeju Homestay,500000,"Mon, Oct 6","Tue, Oct 7",8.6,4,Hue,19,Excellent,https://www.booking.com/hotel/vn/jeju-homestay.html?label=gen173nr-10CAEoggI46AdIM1gEaPQBiAEBmAEzuAEXyAEM2AED6AEB-AEBiAIBqAIBuAK78OPGBsACAdICJDg2NTdiNzM2LTFhYTYtNDAzNC1hZmUyLWRiYzA1ZDFiZDJlN9gCAeACAQ&aid=304142&ucfs=1&arphpl=1&checkin=2025-10-06&checkout=2025-10-07&dest_id=-3715887&dest_type=city&group_adults=2&req_adults=2&no_rooms=1&group_children=0&req_children=0&hpos=22&hapos=216&sr_order=popularity&srpvid=7ee339dd707602b5&srepoch=1759479292&all_sr_blocks=1164177303_417698197_0_2_0&highlighted_blocks=1164177303_417698197_0_2_0&matching_block_id=1164177303_417698197_0_2_0&sr_pri_blocks=1164177303_417698197_0_2_0__50000000&from=searchresults
Jasmine Mini Hotel,355000,"Mon, Oct 6","Tue, Oct 7",7.5,2,Hue,54,Good,https://www.booking.com/hotel/vn/jasmine-mini.html?label=gen173nr-10CAEoggI46AdIM1gEaPQBiAEBmAEzuAEXyAEM2AED6AEB-AEBiAIBqAIBuAK78OPGBsACAdICJDg2NTdiNzM2LTFhYTYtNDAzNC1hZmUyLWRiYzA1ZDFiZDJlN9gCAeACAQ&aid=304142&ucfs=1&arphpl=1&checkin=2025-10-06&checkout=2025-10-07&dest_id=-3715887&dest_type=city&group_adults=2&req_adults=2&no_rooms=1&group_children=0&req_children=0&hpos=23&hapos=217&sr_order=popularity&srpvid=7ee339dd707602b5&srepoch=1759479292&all_sr_blocks=651337803_310123079_2_0_0&highlighted_blocks=651337803_310123079_2_0_0&matching_block_id=651337803_310123079_2_0_0&sr_pri_blocks=651337803_310123079_2_0_0__35500000&from=searchresults
Gieo - Homestay in Huế,500000,"Mon, Oct 6","Tue, Oct 7",7.9,0,Hue,6,Good,https://www.booking.com/hotel/vn/gieo-homestay-in-hue.html?label=gen173nr-10CAEoggI46AdIM1gEaPQBiAEBmAEzuAEXyAEM2AED6AEB-AEBiAIBqAIBuAK78OPGBsACAdICJDg2NTdiNzM2LTFhYTYtNDAzNC1hZmUyLWRiYzA1ZDFiZDJlN9gCAeACAQ&aid=304142&ucfs=1&arphpl=1&checkin=2025-10-06&checkout=2025-10-07&dest_id=-3715887&dest_type=city&group_adults=2&req_adults=2&no_rooms=1&group_children=0&req_children=0&hpos=24&hapos=218&sr_order=popularity&srpvid=7ee339dd707602b5&srepoch=1759479292&all_sr_blocks=1299877401_402871613_0_0_0&highlighted_blocks=1299877401_402871613_0_0_0&matching_block_id=1299877401_402871613_0_0_0&sr_pri_blocks=1299877401_402871613_0_0_0__40000000&from=searchresults
Thai Binh II Hotel,500000,"Mon, Oct 6","Tue, Oct 7",8.1,2,Hue,409,Very Good,https://www.booking.com/hotel/vn/thaibinh-2.html?label=gen173nr-10CAEoggI46AdIM1gEaPQBiAEBmAEzuAEXyAEM2AED6AEB-AEBiAIBqAIBuAK78OPGBsACAdICJDg2NTdiNzM2LTFhYTYtNDAzNC1hZmUyLWRiYzA1ZDFiZDJlN9gCAeACAQ&aid=304142&ucfs=1&arphpl=1&checkin=2025-10-06&checkout=2025-10-07&dest_id=-3715887&dest_type=city&group_adults=2&req_adults=2&no_rooms=1&group_children=0&req_children=0&hpos=25&hapos=219&sr_order=popularity&srpvid=7ee339dd707602b5&srepoch=1759479292&all_sr_blocks=29199003_195607949_2_0_0&highlighted_blocks=29199003_195607949_2_0_0&matching_block_id=29199003_195607949_2_0_0&sr_pri_blocks=29199003_195607949_2_0_0__50000000&from=searchresults
Hue Eco Homestay,320000,"Mon, Oct 6","Tue, Oct 7",9.3,0,Hue,204,Wonderful,https://www.booking.com/hotel/vn/hue-eco-homestay-thua-thien-hue.html?label=gen173nr-10CAEoggI46AdIM1gEaPQBiAEBmAEzuAEXyAEM2AED6AEB-AEBiAIBqAIBuAK78OPGBsACAdICJDg2NTdiNzM2LTFhYTYtNDAzNC1hZmUyLWRiYzA1ZDFiZDJlN9gCAeACAQ&aid=304142&ucfs=1&arphpl=1&checkin=2025-10-06&checkout=2025-10-07&dest_id=-3715887&dest_type=city&group_adults=2&req_adults=2&no_rooms=1&group_children=0&req_children=0&hpos=1&hapos=220&sr_order=popularity&srpvid=7ee339dd707602b5&srepoch=1759479301&all_sr_blocks=596181504_380263262_2_0_0_141172&highlighted_blocks=596181504_380263262_2_0_0_141172&matching_block_id=596181504_380263262_2_0_0_141172&sr_pri_blocks=596181504_380263262_2_0_0_141172_32000000&from=searchresults
The Purple Hue Homestay,580000,"Mon, Oct 6","Tue, Oct 7",9.5,0,Hue,236,Exceptional,https://www.booking.com/hotel/vn/the-purple-hue-homestay.html?label=gen173nr-10CAEoggI46AdIM1gEaPQBiAEBmAEzuAEXyAEM2AED6AEB-AEBiAIBqAIBuAK78OPGBsACAdICJDg2NTdiNzM2LTFhYTYtNDAzNC1hZmUyLWRiYzA1ZDFiZDJlN9gCAeACAQ&aid=304142&ucfs=1&arphpl=1&checkin=2025-10-06&checkout=2025-10-07&dest_id=-3715887&dest_type=city&group_adults=2&req_adults=2&no_rooms=1&group_children=0&req_children=0&hpos=2&hapos=221&sr_order=popularity&srpvid=7ee339dd707602b5&srepoch=1759479301&all_sr_blocks=246928901_130048290_2_0_0&highlighted_blocks=246928901_130048290_2_0_0&matching_block_id=246928901_130048290_2_0_0&sr_pri_blocks=246928901_130048290_2_0_0__58000000&from=searchresults
Homestay May,350000,"Mon, Oct 6","Tue, Oct 7",8.7,3,Hue,85,Excellent,https://www.booking.com/hotel/vn/homestay-may.html?label=gen173nr-10CAEoggI46AdIM1gEaPQBiAEBmAEzuAEXyAEM2AED6AEB-AEBiAIBqAIBuAK78OPGBsACAdICJDg2NTdiNzM2LTFhYTYtNDAzNC1hZmUyLWRiYzA1ZDFiZDJlN9gCAeACAQ&aid=304142&ucfs=1&arphpl=1&checkin=2025-10-06&checkout=2025-10-07&dest_id=-3715887&dest_type=city&group_adults=2&req_adults=2&no_rooms=1&group_children=0&req_children=0&hpos=3&hapos=222&sr_order=popularity&srpvid=7ee339dd707602b5&srepoch=1759479301&all_sr_blocks=1338625401_406300091_2_1_0&highlighted_blocks=1338625401_406300091_2_1_0&matching_block_id=1338625401_406300091_2_1_0&sr_pri_blocks=1338625401_406300091_2_1_0__35000000&from=searchresults
Canary Boutique Hotel,400000,"Mon, Oct 6","Tue, Oct 7",8.3,2,Hue,289,Very Good,https://www.booking.com/hotel/vn/canary-boutique.html?label=gen173nr-10CAEoggI46AdIM1gEaPQBiAEBmAEzuAEXyAEM2AED6AEB-AEBiAIBqAIBuAK78OPGBsACAdICJDg2NTdiNzM2LTFhYTYtNDAzNC1hZmUyLWRiYzA1ZDFiZDJlN9gCAeACAQ&aid=304142&ucfs=1&arphpl=1&checkin=2025-10-06&checkout=2025-10-07&dest_id=-3715887&dest_type=city&group_adults=2&req_adults=2&no_rooms=1&group_children=0&req_children=0&hpos=4&hapos=223&sr_order=popularity&srpvid=7ee339dd707602b5&srepoch=1759479301&all_sr_blocks=81760902_413913675_0_0_0&highlighted_blocks=81760902_413913675_0_0_0&matching_block_id=81760902_413913675_0_0_0&sr_pri_blocks=81760902_413913675_0_0_0__34000000&from=searchresults
Kempib Homestay,330000,"Mon, Oct 6","Tue, Oct 7",8.7,4,Hue,10,Excellent,https://www.booking.com/hotel/vn/kenpi-homestay-nguyen-can.html?label=gen173nr-10CAEoggI46AdIM1gEaPQBiAEBmAEzuAEXyAEM2AED6AEB-AEBiAIBqAIBuAK78OPGBsACAdICJDg2NTdiNzM2LTFhYTYtNDAzNC1hZmUyLWRiYzA1ZDFiZDJlN9gCAeACAQ&aid=304142&ucfs=1&arphpl=1&checkin=2025-10-06&checkout=2025-10-07&dest_id=-3715887&dest_type=city&group_adults=2&req_adults=2&no_rooms=1&group_children=0&req_children=0&hpos=5&hapos=224&sr_order=popularity&srpvid=7ee339dd707602b5&srepoch=1759479301&all_sr_blocks=1047385910_390613058_2_0_0&highlighted_blocks=1047385910_390613058_2_0_0&matching_block_id=1047385910_390613058_2_0_0&sr_pri_blocks=1047385910_390613058_2_0_0__26400000&from=searchresults
VIỆT Hostel,261000,"Mon, Oct 27","Tue, Oct 28",8.6,0,Hue,204,Excellent,https://www.booking.com/hotel/vn/viet-hostel.html?label=gen173nr-10CAEoggI46AdIM1gEaPQBiAEBmAEzuAEXyAEM2AED6AEB-AEBiAIBqAIBuAK78OPGBsACAdICJDg2NTdiNzM2LTFhYTYtNDAzNC1hZmUyLWRiYzA1ZDFiZDJlN9gCAeACAQ&aid=304142&ucfs=1&arphpl=1&checkin=2025-10-27&checkout=2025-10-28&dest_id=-3715887&dest_type=city&group_adults=2&req_adults=2&no_rooms=1&group_children=0&req_children=0&hpos=6&hapos=225&sr_order=popularity&srpvid=7ee339dd707602b5&srepoch=1759479301&all_sr_blocks=485023901_266139957_0_0_0&highlighted_blocks=485023901_266139957_0_0_0&matching_block_id=485023901_266139957_0_0_0&sr_pri_blocks=485023901_266139957_0_0_0__26100000&from=searchresults
Căn hộ Studio-Banana Homestay,500000,"Mon, Oct 6","Tue, Oct 7",8.8,3,Hue,32,Excellent,https://www.booking.com/hotel/vn/banana-homestay-chuoi-homestay.html?label=gen173nr-10CAEoggI46AdIM1gEaPQBiAEBmAEzuAEXyAEM2AED6AEB-AEBiAIBqAIBuAK78OPGBsACAdICJDg2NTdiNzM2LTFhYTYtNDAzNC1hZmUyLWRiYzA1ZDFiZDJlN9gCAeACAQ&aid=304142&ucfs=1&arphpl=1&checkin=2025-10-06&checkout=2025-10-07&dest_id=-3715887&dest_type=city&group_adults=2&req_adults=2&no_rooms=1&group_children=0&req_children=0&hpos=7&hapos=226&sr_order=popularity&srpvid=7ee339dd707602b5&srepoch=1759479301&all_sr_blocks=1137746601_386499070_3_0_0&highlighted_blocks=1137746601_386499070_3_0_0&matching_block_id=1137746601_386499070_3_0_0&sr_pri_blocks=1137746601_386499070_3_0_0__50000000&from=searchresults
Dorgan Homestay - Nera Garden Huế,1100000,"Mon, Oct 6","Tue, Oct 7",9.4,4,Hue,45,Wonderful,https://www.booking.com/hotel/vn/dorgan-home-apartments-amp-homestays-in-hue-city.html?label=gen173nr-10CAEoggI46AdIM1gEaPQBiAEBmAEzuAEXyAEM2AED6AEB-AEBiAIBqAIBuAK78OPGBsACAdICJDg2NTdiNzM2LTFhYTYtNDAzNC1hZmUyLWRiYzA1ZDFiZDJlN9gCAeACAQ&aid=304142&ucfs=1&arphpl=1&checkin=2025-10-06&checkout=2025-10-07&dest_id=-3715887&dest_type=city&group_adults=2&req_adults=2&no_rooms=1&group_children=0&req_children=0&hpos=8&hapos=227&sr_order=popularity&srpvid=7ee339dd707602b5&srepoch=1759479301&all_sr_blocks=1186935203_403701418_4_0_0&highlighted_blocks=1186935203_403701418_4_0_0&matching_block_id=1186935203_403701418_4_0_0&sr_pri_blocks=1186935203_403701418_4_0_0__110000000&from=searchresults
Emirlan Homestay,331561,"Mon, Oct 6","Tue, Oct 7",9.0,0,Hue,,Wonderful,https://www.booking.com/hotel/vn/emirland-homestay.html?label=gen173nr-10CAEoggI46AdIM1gEaPQBiAEBmAEzuAEXyAEM2AED6AEB-AEBiAIBqAIBuAK78OPGBsACAdICJDg2NTdiNzM2LTFhYTYtNDAzNC1hZmUyLWRiYzA1ZDFiZDJlN9gCAeACAQ&aid=304142&ucfs=1&arphpl=1&checkin=2025-10-06&checkout=2025-10-07&dest_id=-3715887&dest_type=city&group_adults=2&req_adults=2&no_rooms=1&group_children=0&req_children=0&hpos=9&hapos=228&sr_order=popularity&srpvid=7ee339dd707602b5&srepoch=1759479301&all_sr_blocks=1464290901_0_2_0_0&highlighted_blocks=1464290901_0_2_0_0&matching_block_id=1464290901_0_2_0_0&sr_pri_blocks=1464290901_0_2_0_0__33156062&from=searchresults
Homestay MINH TÚ,369550,"Mon, Oct 6","Tue, Oct 7",8.7,0,Hue,137,Excellent,https://www.booking.com/hotel/vn/minh-tu-homestay-thanh-pho-hue.html?label=gen173nr-10CAEoggI46AdIM1gEaPQBiAEBmAEzuAEXyAEM2AED6AEB-AEBiAIBqAIBuAK78OPGBsACAdICJDg2NTdiNzM2LTFhYTYtNDAzNC1hZmUyLWRiYzA1ZDFiZDJlN9gCAeACAQ&aid=304142&ucfs=1&arphpl=1&checkin=2025-10-06&checkout=2025-10-07&dest_id=-3715887&dest_type=city&group_adults=2&req_adults=2&no_rooms=1&group_children=0&req_children=0&hpos=10&hapos=229&sr_order=popularity&srpvid=7ee339dd707602b5&srepoch=1759479301&all_sr_blocks=423500001_412031601_0_0_0&highlighted_blocks=423500001_412031601_0_0_0&matching_block_id=423500001_412031601_0_0_0&sr_pri_blocks=423500001_412031601_0_0_0__36955000&from=searchresults
The Time Huế Homestay,225000,"Mon, Oct 6","Tue, Oct 7",8.5,3,Hue,4,Very Good,https://www.booking.com/hotel/vn/the-time-hue-homestay.html?label=gen173nr-10CAEoggI46AdIM1gEaPQBiAEBmAEzuAEXyAEM2AED6AEB-AEBiAIBqAIBuAK78OPGBsACAdICJDg2NTdiNzM2LTFhYTYtNDAzNC1hZmUyLWRiYzA1ZDFiZDJlN9gCAeACAQ&aid=304142&ucfs=1&arphpl=1&checkin=2025-10-06&checkout=2025-10-07&dest_id=-3715887&dest_type=city&group_adults=2&req_adults=2&no_rooms=1&group_children=0&req_children=0&hpos=11&hapos=230&sr_order=popularity&srpvid=7ee339dd707602b5&srepoch=1759479301&all_sr_blocks=1478746301_419339279_2_0_0&highlighted_blocks=1478746301_419339279_2_0_0&matching_block_id=1478746301_419339279_2_0_0&sr_pri_blocks=1478746301_419339279_2_0_0__22500000&from=searchresults
Cat An Guesthouse,250000,"Mon, Oct 6","Tue, Oct 7",6.5,1,Hue,58,Review score,https://www.booking.com/hotel/vn/cat-an.html?label=gen173nr-10CAEoggI46AdIM1gEaPQBiAEBmAEzuAEXyAEM2AED6AEB-AEBiAIBqAIBuAK78OPGBsACAdICJDg2NTdiNzM2LTFhYTYtNDAzNC1hZmUyLWRiYzA1ZDFiZDJlN9gCAeACAQ&aid=304142&ucfs=1&arphpl=1&checkin=2025-10-06&checkout=2025-10-07&dest_id=-3715887&dest_type=city&group_adults=2&req_adults=2&no_rooms=1&group_children=0&req_children=0&hpos=12&hapos=231&sr_order=popularity&srpvid=7ee339dd707602b5&srepoch=1759479301&all_sr_blocks=295263304_130050761_2_0_0&highlighted_blocks=295263304_130050761_2_0_0&matching_block_id=295263304_130050761_2_0_0&sr_pri_blocks=295263304_130050761_2_0_0__25000000&from=searchresults
Nội homestay,500000,"Mon, Oct 6","Tue, Oct 7",8.8,0,Hue,23,Excellent,https://www.booking.com/hotel/vn/noi-homestay-thanh-pho-hue.html?label=gen173nr-10CAEoggI46AdIM1gEaPQBiAEBmAEzuAEXyAEM2AED6AEB-AEBiAIBqAIBuAK78OPGBsACAdICJDg2NTdiNzM2LTFhYTYtNDAzNC1hZmUyLWRiYzA1ZDFiZDJlN9gCAeACAQ&aid=304142&ucfs=1&arphpl=1&checkin=2025-10-06&checkout=2025-10-07&dest_id=-3715887&dest_type=city&group_adults=2&req_adults=2&no_rooms=1&group_children=0&req_children=0&hpos=13&hapos=232&sr_order=popularity&srpvid=7ee339dd707602b5&srepoch=1759479301&all_sr_blocks=1309424704_406725378_0_2_0&highlighted_blocks=1309424704_406725378_0_2_0&matching_block_id=1309424704_406725378_0_2_0&sr_pri_blocks=1309424704_406725378_0_2_0__50000000&from=searchresults
SH Hotel,250000,"Mon, Oct 6","Tue, Oct 7",6.4,2,Hue,80,Review score,https://www.booking.com/hotel/vn/nha-nghi-tri-phuong.html?label=gen173nr-10CAEoggI46AdIM1gEaPQBiAEBmAEzuAEXyAEM2AED6AEB-AEBiAIBqAIBuAK78OPGBsACAdICJDg2NTdiNzM2LTFhYTYtNDAzNC1hZmUyLWRiYzA1ZDFiZDJlN9gCAeACAQ&aid=304142&ucfs=1&arphpl=1&checkin=2025-10-06&checkout=2025-10-07&dest_id=-3715887&dest_type=city&group_adults=2&req_adults=2&no_rooms=1&group_children=0&req_children=0&hpos=14&hapos=233&sr_order=popularity&srpvid=7ee339dd707602b5&srepoch=1759479301&all_sr_blocks=145659011_138626201_2_1_0&highlighted_blocks=145659011_138626201_2_1_0&matching_block_id=145659011_138626201_2_1_0&sr_pri_blocks=145659011_138626201_2_1_0__25000000&from=searchresults
HELLO VILLA & SPA,2000000,"Mon, Oct 6","Tue, Oct 7",8.3,4,Hue,76,Very Good,https://www.booking.com/hotel/vn/hello-villa-amp-spa.html?label=gen173nr-10CAEoggI46AdIM1gEaPQBiAEBmAEzuAEXyAEM2AED6AEB-AEBiAIBqAIBuAK78OPGBsACAdICJDg2NTdiNzM2LTFhYTYtNDAzNC1hZmUyLWRiYzA1ZDFiZDJlN9gCAeACAQ&aid=304142&ucfs=1&arphpl=1&checkin=2025-10-06&checkout=2025-10-07&dest_id=-3715887&dest_type=city&group_adults=2&req_adults=2&no_rooms=1&group_children=0&req_children=0&hpos=15&hapos=234&sr_order=popularity&srpvid=7ee339dd707602b5&srepoch=1759479301&all_sr_blocks=721586709_365356409_4_0_0&highlighted_blocks=721586709_365356409_4_0_0&matching_block_id=721586709_365356409_4_0_0&sr_pri_blocks=721586709_365356409_4_0_0__200000000&from=searchresults
Eureka Eco,880000,"Mon, Oct 6","Tue, Oct 7",9.1,4,Hue,35,Wonderful,https://www.booking.com/hotel/vn/brnu-eureka-eco-3mctr-2br-beau-balc-free-a-47-p-pkup.html?label=gen173nr-10CAEoggI46AdIM1gEaPQBiAEBmAEzuAEXyAEM2AED6AEB-AEBiAIBqAIBuAK78OPGBsACAdICJDg2NTdiNzM2LTFhYTYtNDAzNC1hZmUyLWRiYzA1ZDFiZDJlN9gCAeACAQ&aid=304142&ucfs=1&arphpl=1&checkin=2025-10-06&checkout=2025-10-07&dest_id=-3715887&dest_type=city&group_adults=2&req_adults=2&no_rooms=1&group_children=0&req_children=0&hpos=16&hapos=235&sr_order=popularity&srpvid=7ee339dd707602b5&srepoch=1759479301&all_sr_blocks=630802301_360942559_2_0_0&highlighted_blocks=630802301_360942559_2_0_0&matching_block_id=630802301_360942559_2_0_0&sr_pri_blocks=630802301_360942559_2_0_0__88000000&from=searchresults
LaLa Citadel Homestay,308594,"Mon, Oct 6","Tue, Oct 7",7.9,0,Hue,188,Good,https://www.booking.com/hotel/vn/lala-citadel-homestay.html?label=gen173nr-10CAEoggI46AdIM1gEaPQBiAEBmAEzuAEXyAEM2AED6AEB-AEBiAIBqAIBuAK78OPGBsACAdICJDg2NTdiNzM2LTFhYTYtNDAzNC1hZmUyLWRiYzA1ZDFiZDJlN9gCAeACAQ&aid=304142&ucfs=1&arphpl=1&checkin=2025-10-06&checkout=2025-10-07&dest_id=-3715887&dest_type=city&group_adults=2&req_adults=2&no_rooms=1&group_children=0&req_children=0&hpos=17&hapos=236&sr_order=popularity&srpvid=7ee339dd707602b5&srepoch=1759479301&all_sr_blocks=959005201_0_2_0_0&highlighted_blocks=959005201_0_2_0_0&matching_block_id=959005201_0_2_0_0&sr_pri_blocks=959005201_0_2_0_0__30859424&from=searchresults
Star Binh Duong Hotel,280000,"Mon, Oct 6","Tue, Oct 7",7.7,2,Hue,26,Good,https://www.booking.com/hotel/vn/binh-duong-star.html?label=gen173nr-10CAEoggI46AdIM1gEaPQBiAEBmAEzuAEXyAEM2AED6AEB-AEBiAIBqAIBuAK78OPGBsACAdICJDg2NTdiNzM2LTFhYTYtNDAzNC1hZmUyLWRiYzA1ZDFiZDJlN9gCAeACAQ&aid=304142&ucfs=1&arphpl=1&checkin=2025-10-06&checkout=2025-10-07&dest_id=-3715887&dest_type=city&group_adults=2&req_adults=2&no_rooms=1&group_children=0&req_children=0&hpos=18&hapos=237&sr_order=popularity&srpvid=7ee339dd707602b5&srepoch=1759479301&all_sr_blocks=42619103_226105055_0_0_0&highlighted_blocks=42619103_226105055_0_0_0&matching_block_id=42619103_226105055_0_0_0&sr_pri_blocks=42619103_226105055_0_0_0__28000000&from=searchresults
Memory Homestay Hue,358900,"Mon, Oct 6","Tue, Oct 7",8.3,0,Hue,92,Very Good,https://www.booking.com/hotel/vn/hue-memory-homestay.html?label=gen173nr-10CAEoggI46AdIM1gEaPQBiAEBmAEzuAEXyAEM2AED6AEB-AEBiAIBqAIBuAK78OPGBsACAdICJDg2NTdiNzM2LTFhYTYtNDAzNC1hZmUyLWRiYzA1ZDFiZDJlN9gCAeACAQ&aid=304142&ucfs=1&arphpl=1&checkin=2025-10-06&checkout=2025-10-07&dest_id=-3715887&dest_type=city&group_adults=2&req_adults=2&no_rooms=1&group_children=0&req_children=0&hpos=19&hapos=238&sr_order=popularity&srpvid=7ee339dd707602b5&srepoch=1759479301&all_sr_blocks=460640306_305880498_2_0_0&highlighted_blocks=460640306_305880498_2_0_0&matching_block_id=460640306_305880498_2_0_0&sr_pri_blocks=460640306_305880498_2_0_0__30506500&from=searchresults
Ha Mai Homestay Hue,400000,"Mon, Oct 6","Tue, Oct 7",9.0,0,Hue,13,Wonderful,https://www.booking.com/hotel/vn/ha-mai-homestay-hue.html?label=gen173nr-10CAEoggI46AdIM1gEaPQBiAEBmAEzuAEXyAEM2AED6AEB-AEBiAIBqAIBuAK78OPGBsACAdICJDg2NTdiNzM2LTFhYTYtNDAzNC1hZmUyLWRiYzA1ZDFiZDJlN9gCAeACAQ&aid=304142&ucfs=1&arphpl=1&checkin=2025-10-06&checkout=2025-10-07&dest_id=-3715887&dest_type=city&group_adults=2&req_adults=2&no_rooms=1&group_children=0&req_children=0&hpos=20&hapos=239&sr_order=popularity&srpvid=7ee339dd707602b5&srepoch=1759479301&all_sr_blocks=1377479901_409871916_2_0_0&highlighted_blocks=1377479901_409871916_2_0_0&matching_block_id=1377479901_409871916_2_0_0&sr_pri_blocks=1377479901_409871916_2_0_0__40000000&from=searchresults
Maily Hostel,300000,"Mon, Oct 6","Tue, Oct 7",8.7,0,Hue,304,Excellent,https://www.booking.com/hotel/vn/mally-hostel.html?label=gen173nr-10CAEoggI46AdIM1gEaPQBiAEBmAEzuAEXyAEM2AED6AEB-AEBiAIBqAIBuAK78OPGBsACAdICJDg2NTdiNzM2LTFhYTYtNDAzNC1hZmUyLWRiYzA1ZDFiZDJlN9gCAeACAQ&aid=304142&ucfs=1&arphpl=1&checkin=2025-10-06&checkout=2025-10-07&dest_id=-3715887&dest_type=city&group_adults=2&req_adults=2&no_rooms=1&group_children=0&req_children=0&hpos=21&hapos=240&sr_order=popularity&srpvid=7ee339dd707602b5&srepoch=1759479301&all_sr_blocks=432349512_352555623_2_2_0&highlighted_blocks=432349512_352555623_2_2_0&matching_block_id=432349512_352555623_2_2_0&sr_pri_blocks=432349512_352555623_2_2_0__30000000&from=searchresults
SamSet Penthouse ManorCrown Huế,2100000,"Mon, Oct 6","Tue, Oct 7",,4,Hue,4,Exceptional,https://www.booking.com/hotel/vn/samset-penhouse-hue.html?label=gen173nr-10CAEoggI46AdIM1gEaPQBiAEBmAEzuAEXyAEM2AED6AEB-AEBiAIBqAIBuAK78OPGBsACAdICJDg2NTdiNzM2LTFhYTYtNDAzNC1hZmUyLWRiYzA1ZDFiZDJlN9gCAeACAQ&aid=304142&ucfs=1&arphpl=1&checkin=2025-10-06&checkout=2025-10-07&dest_id=-3715887&dest_type=city&group_adults=2&req_adults=2&no_rooms=1&group_children=0&req_children=0&hpos=22&hapos=241&sr_order=popularity&srpvid=7ee339dd707602b5&srepoch=1759479301&all_sr_blocks=1428925101_414476744_5_0_0&highlighted_blocks=1428925101_414476744_5_0_0&matching_block_id=1428925101_414476744_5_0_0&sr_pri_blocks=1428925101_414476744_5_0_0__136500000&from=searchresults
Xuka Homestay,243000,"Mon, Oct 6","Tue, Oct 7",9.8,0,Hue,25,Exceptional,https://www.booking.com/hotel/vn/xuka-homestay.html?label=gen173nr-10CAEoggI46AdIM1gEaPQBiAEBmAEzuAEXyAEM2AED6AEB-AEBiAIBqAIBuAK78OPGBsACAdICJDg2NTdiNzM2LTFhYTYtNDAzNC1hZmUyLWRiYzA1ZDFiZDJlN9gCAeACAQ&aid=304142&ucfs=1&arphpl=1&checkin=2025-10-06&checkout=2025-10-07&dest_id=-3715887&dest_type=city&group_adults=2&req_adults=2&no_rooms=1&group_children=0&req_children=0&hpos=23&hapos=242&sr_order=popularity&srpvid=7ee339dd707602b5&srepoch=1759479301&all_sr_blocks=1022777202_374737042_2_0_0&highlighted_blocks=1022777202_374737042_2_0_0&matching_block_id=1022777202_374737042_2_0_0&sr_pri_blocks=1022777202_374737042_2_0_0__24300000&from=searchresults
Leranda Homestay,1100000,"Mon, Oct 6","Tue, Oct 7",8.7,0,Hue,119,Excellent,https://www.booking.com/hotel/vn/heranda-homestay.html?label=gen173nr-10CAEoggI46AdIM1gEaPQBiAEBmAEzuAEXyAEM2AED6AEB-AEBiAIBqAIBuAK78OPGBsACAdICJDg2NTdiNzM2LTFhYTYtNDAzNC1hZmUyLWRiYzA1ZDFiZDJlN9gCAeACAQ&aid=304142&ucfs=1&arphpl=1&checkin=2025-10-06&checkout=2025-10-07&dest_id=-3715887&dest_type=city&group_adults=2&req_adults=2&no_rooms=1&group_children=0&req_children=0&hpos=24&hapos=243&sr_order=popularity&srpvid=7ee339dd707602b5&srepoch=1759479301&all_sr_blocks=643332908_351442795_2_1_0&highlighted_blocks=643332908_351442795_2_1_0&matching_block_id=643332908_351442795_2_1_0&sr_pri_blocks=643332908_351442795_2_1_0__110000000&from=searchresults
aNhill Boutique,2889540,"Mon, Oct 6","Tue, Oct 7",9.5,5,Hue,93,Exceptional,https://www.booking.com/hotel/vn/anhill-boutique.html?label=gen173nr-10CAEoggI46AdIM1gEaPQBiAEBmAEzuAEXyAEM2AED6AEB-AEBiAIBqAIBuAK78OPGBsACAdICJDg2NTdiNzM2LTFhYTYtNDAzNC1hZmUyLWRiYzA1ZDFiZDJlN9gCAeACAQ&aid=304142&ucfs=1&arphpl=1&checkin=2025-10-06&checkout=2025-10-07&dest_id=-3715887&dest_type=city&group_adults=2&req_adults=2&no_rooms=1&group_children=0&req_children=0&hpos=25&hapos=244&sr_order=popularity&srpvid=7ee339dd707602b5&srepoch=1759479301&all_sr_blocks=694165701_0_2_1_0&highlighted_blocks=694165701_0_2_1_0&matching_block_id=694165701_0_2_1_0&sr_pri_blocks=694165701_0_2_1_0__288954024&from=searchresults
Homestay 5 Sach,410000,"Mon, Nov 3","Tue, Nov 4",9.7,0,Hue,42,Exceptional,https://www.booking.com/hotel/vn/homestay-5-sach.html?label=gen173nr-10CAEoggI46AdIM1gEaPQBiAEBmAEzuAEXyAEM2AED6AEB-AEBiAIBqAIBuAK78OPGBsACAdICJDg2NTdiNzM2LTFhYTYtNDAzNC1hZmUyLWRiYzA1ZDFiZDJlN9gCAeACAQ&aid=304142&ucfs=1&arphpl=1&checkin=2025-11-03&checkout=2025-11-04&dest_id=-3715887&dest_type=city&group_adults=2&req_adults=2&no_rooms=1&group_children=0&req_children=0&hpos=1&hapos=245&sr_order=popularity&srpvid=7ee339dd707602b5&srepoch=1759479311&all_sr_blocks=1311508802_403933610_2_0_0&highlighted_blocks=1311508802_403933610_2_0_0&matching_block_id=1311508802_403933610_2_0_0&sr_pri_blocks=1311508802_403933610_2_0_0__41000000&from=searchresults
Lama Homestay,450000,"Mon, Oct 6","Tue, Oct 7",9.5,0,Hue,109,Exceptional,https://www.booking.com/hotel/vn/tomhomestay.html?label=gen173nr-10CAEoggI46AdIM1gEaPQBiAEBmAEzuAEXyAEM2AED6AEB-AEBiAIBqAIBuAK78OPGBsACAdICJDg2NTdiNzM2LTFhYTYtNDAzNC1hZmUyLWRiYzA1ZDFiZDJlN9gCAeACAQ&aid=304142&ucfs=1&arphpl=1&checkin=2025-10-06&checkout=2025-10-07&dest_id=-3715887&dest_type=city&group_adults=2&req_adults=2&no_rooms=1&group_children=0&req_children=0&hpos=2&hapos=246&sr_order=popularity&srpvid=7ee339dd707602b5&srepoch=1759479311&all_sr_blocks=418317601_404504500_2_2_0&highlighted_blocks=418317601_404504500_2_2_0&matching_block_id=418317601_404504500_2_2_0&sr_pri_blocks=418317601_404504500_2_2_0__31500000&from=searchresults
KENNPIA Homestay,320000,"Mon, Oct 6","Tue, Oct 7",8.5,3,Hue,32,Very Good,https://www.booking.com/hotel/vn/nguyen-can-2-phong-ngu-dau-o-to-kenpib-homestay.html?label=gen173nr-10CAEoggI46AdIM1gEaPQBiAEBmAEzuAEXyAEM2AED6AEB-AEBiAIBqAIBuAK78OPGBsACAdICJDg2NTdiNzM2LTFhYTYtNDAzNC1hZmUyLWRiYzA1ZDFiZDJlN9gCAeACAQ&aid=304142&ucfs=1&arphpl=1&checkin=2025-10-06&checkout=2025-10-07&dest_id=-3715887&dest_type=city&group_adults=2&req_adults=2&no_rooms=1&group_children=0&req_children=0&hpos=3&hapos=247&sr_order=popularity&srpvid=7ee339dd707602b5&srepoch=1759479311&all_sr_blocks=1057902306_381401282_2_0_0&highlighted_blocks=1057902306_381401282_2_0_0&matching_block_id=1057902306_381401282_2_0_0&sr_pri_blocks=1057902306_381401282_2_0_0__25600000&from=searchresults
KenPi Homestay,330000,"Mon, Oct 6","Tue, Oct 7",8.7,0,Hue,82,Excellent,https://www.booking.com/hotel/vn/kenpiab-homestay.html?label=gen173nr-10CAEoggI46AdIM1gEaPQBiAEBmAEzuAEXyAEM2AED6AEB-AEBiAIBqAIBuAK78OPGBsACAdICJDg2NTdiNzM2LTFhYTYtNDAzNC1hZmUyLWRiYzA1ZDFiZDJlN9gCAeACAQ&aid=304142&ucfs=1&arphpl=1&checkin=2025-10-06&checkout=2025-10-07&dest_id=-3715887&dest_type=city&group_adults=2&req_adults=2&no_rooms=1&group_children=0&req_children=0&hpos=4&hapos=248&sr_order=popularity&srpvid=7ee339dd707602b5&srepoch=1759479311&all_sr_blocks=972652155_380849961_2_0_0&highlighted_blocks=972652155_380849961_2_0_0&matching_block_id=972652155_380849961_2_0_0&sr_pri_blocks=972652155_380849961_2_0_0__26400000&from=searchresults
TiboleyHomestay,368518,"Mon, Oct 6","Tue, Oct 7",9.6,0,Hue,21,Exceptional,https://www.booking.com/hotel/vn/tiboley-homestay.html?label=gen173nr-10CAEoggI46AdIM1gEaPQBiAEBmAEzuAEXyAEM2AED6AEB-AEBiAIBqAIBuAK78OPGBsACAdICJDg2NTdiNzM2LTFhYTYtNDAzNC1hZmUyLWRiYzA1ZDFiZDJlN9gCAeACAQ&aid=304142&ucfs=1&arphpl=1&checkin=2025-10-06&checkout=2025-10-07&dest_id=-3715887&dest_type=city&group_adults=2&req_adults=2&no_rooms=1&group_children=0&req_children=0&hpos=5&hapos=249&sr_order=popularity&srpvid=7ee339dd707602b5&srepoch=1759479311&all_sr_blocks=1121284901_0_2_1_0&highlighted_blocks=1121284901_0_2_1_0&matching_block_id=1121284901_0_2_1_0&sr_pri_blocks=1121284901_0_2_1_0__36851801&from=searchresults
Pine Garden Homestay Hue,405000,"Mon, Oct 6","Tue, Oct 7",9.9,0,Hue,7,Exceptional,https://www.booking.com/hotel/vn/pine-garden-homestay-hue.html?label=gen173nr-10CAEoggI46AdIM1gEaPQBiAEBmAEzuAEXyAEM2AED6AEB-AEBiAIBqAIBuAK78OPGBsACAdICJDg2NTdiNzM2LTFhYTYtNDAzNC1hZmUyLWRiYzA1ZDFiZDJlN9gCAeACAQ&aid=304142&ucfs=1&arphpl=1&checkin=2025-10-06&checkout=2025-10-07&dest_id=-3715887&dest_type=city&group_adults=2&req_adults=2&no_rooms=1&group_children=0&req_children=0&hpos=6&hapos=250&sr_order=popularity&srpvid=7ee339dd707602b5&srepoch=1759479312&all_sr_blocks=1373316601_409502179_2_2_0&highlighted_blocks=1373316601_409502179_2_2_0&matching_block_id=1373316601_409502179_2_2_0&sr_pri_blocks=1373316601_409502179_2_2_0__38475000&from=searchresults
KenpiiB Homestay,330000,"Mon, Oct 6","Tue, Oct 7",8.4,0,Hue,15,Very Good,https://www.booking.com/hotel/vn/homestay-ken-thanh-pho-hue.html?label=gen173nr-10CAEoggI46AdIM1gEaPQBiAEBmAEzuAEXyAEM2AED6AEB-AEBiAIBqAIBuAK78OPGBsACAdICJDg2NTdiNzM2LTFhYTYtNDAzNC1hZmUyLWRiYzA1ZDFiZDJlN9gCAeACAQ&aid=304142&ucfs=1&arphpl=1&checkin=2025-10-06&checkout=2025-10-07&dest_id=-3715887&dest_type=city&group_adults=2&req_adults=2&no_rooms=1&group_children=0&req_children=0&hpos=7&hapos=251&sr_order=popularity&srpvid=7ee339dd707602b5&srepoch=1759479312&all_sr_blocks=1074725415_380027320_2_0_0&highlighted_blocks=1074725415_380027320_2_0_0&matching_block_id=1074725415_380027320_2_0_0&sr_pri_blocks=1074725415_380027320_2_0_0__26400000&from=searchresults
"Green homestay, Huế",743040,"Mon, Oct 6","Tue, Oct 7",9.7,3,Hue,9,Exceptional,https://www.booking.com/hotel/vn/green-homestay-hue-thanh-pho-hue.html?label=gen173nr-10CAEoggI46AdIM1gEaPQBiAEBmAEzuAEXyAEM2AED6AEB-AEBiAIBqAIBuAK78OPGBsACAdICJDg2NTdiNzM2LTFhYTYtNDAzNC1hZmUyLWRiYzA1ZDFiZDJlN9gCAeACAQ&aid=304142&ucfs=1&arphpl=1&checkin=2025-10-06&checkout=2025-10-07&dest_id=-3715887&dest_type=city&group_adults=2&req_adults=2&no_rooms=1&group_children=0&req_children=0&hpos=8&hapos=252&sr_order=popularity&srpvid=7ee339dd707602b5&srepoch=1759479312&all_sr_blocks=1418483302_413523604_2_0_0_1188690&highlighted_blocks=1418483302_413523604_2_0_0_1188690&matching_block_id=1418483302_413523604_2_0_0_1188690&sr_pri_blocks=1418483302_413523604_2_0_0_1188690_40867200&from=searchresults
SH5H,220000,"Mon, Oct 6","Tue, Oct 7",5.1,2,Hue,11,Review score,https://www.booking.com/hotel/vn/sh5h.html?label=gen173nr-10CAEoggI46AdIM1gEaPQBiAEBmAEzuAEXyAEM2AED6AEB-AEBiAIBqAIBuAK78OPGBsACAdICJDg2NTdiNzM2LTFhYTYtNDAzNC1hZmUyLWRiYzA1ZDFiZDJlN9gCAeACAQ&aid=304142&ucfs=1&arphpl=1&checkin=2025-10-06&checkout=2025-10-07&dest_id=-3715887&dest_type=city&group_adults=2&req_adults=2&no_rooms=1&group_children=0&req_children=0&hpos=9&hapos=253&sr_order=popularity&srpvid=7ee339dd707602b5&srepoch=1759479312&all_sr_blocks=1167171801_389327177_2_0_0&highlighted_blocks=1167171801_389327177_2_0_0&matching_block_id=1167171801_389327177_2_0_0&sr_pri_blocks=1167171801_389327177_2_0_0__22000000&from=searchresults
Benny Homestay Huế,1568627,"Mon, Oct 6","Tue, Oct 7",,0,Hue,,Exceptional,https://www.booking.com/hotel/vn/benny-homestay-hue.html?label=gen173nr-10CAEoggI46AdIM1gEaPQBiAEBmAEzuAEXyAEM2AED6AEB-AEBiAIBqAIBuAK78OPGBsACAdICJDg2NTdiNzM2LTFhYTYtNDAzNC1hZmUyLWRiYzA1ZDFiZDJlN9gCAeACAQ&aid=304142&ucfs=1&arphpl=1&checkin=2025-10-06&checkout=2025-10-07&dest_id=-3715887&dest_type=city&group_adults=2&req_adults=2&no_rooms=1&group_children=0&req_children=0&hpos=10&hapos=254&sr_order=popularity&srpvid=7ee339dd707602b5&srepoch=1759479312&all_sr_blocks=1487659201_420297673_2_0_0&highlighted_blocks=1487659201_420297673_2_0_0&matching_block_id=1487659201_420297673_2_0_0&sr_pri_blocks=1487659201_420297673_2_0_0__47058800&from=searchresults
Panda Hostel,470000,"Mon, Oct 6","Tue, Oct 7",9.2,0,Hue,10,Wonderful,https://www.booking.com/hotel/vn/panda-hostel-hue.html?label=gen173nr-10CAEoggI46AdIM1gEaPQBiAEBmAEzuAEXyAEM2AED6AEB-AEBiAIBqAIBuAK78OPGBsACAdICJDg2NTdiNzM2LTFhYTYtNDAzNC1hZmUyLWRiYzA1ZDFiZDJlN9gCAeACAQ&aid=304142&ucfs=1&arphpl=1&checkin=2025-10-06&checkout=2025-10-07&dest_id=-3715887&dest_type=city&group_adults=2&req_adults=2&no_rooms=1&group_children=0&req_children=0&hpos=11&hapos=255&sr_order=popularity&srpvid=7ee339dd707602b5&srepoch=1759479312&all_sr_blocks=1249187302_397266515_0_0_0&highlighted_blocks=1249187302_397266515_0_0_0&matching_block_id=1249187302_397266515_0_0_0&sr_pri_blocks=1249187302_397266515_0_0_0__47000000&from=searchresults
De Hué,1000000,"Mon, Oct 13","Tue, Oct 14",9.6,0,Hue,80,Exceptional,https://www.booking.com/hotel/vn/de-hue.html?label=gen173nr-10CAEoggI46AdIM1gEaPQBiAEBmAEzuAEXyAEM2AED6AEB-AEBiAIBqAIBuAK78OPGBsACAdICJDg2NTdiNzM2LTFhYTYtNDAzNC1hZmUyLWRiYzA1ZDFiZDJlN9gCAeACAQ&aid=304142&ucfs=1&arphpl=1&checkin=2025-10-13&checkout=2025-10-14&dest_id=-3715887&dest_type=city&group_adults=2&req_adults=2&no_rooms=1&group_children=0&req_children=0&hpos=12&hapos=256&sr_order=popularity&srpvid=7ee339dd707602b5&srepoch=1759479312&all_sr_blocks=1009330601_419352552_2_1_0&highlighted_blocks=1009330601_419352552_2_1_0&matching_block_id=1009330601_419352552_2_1_0&sr_pri_blocks=1009330601_419352552_2_1_0__100000000&from=searchresults
MUBEE Homestay,300000,"Mon, Oct 6","Tue, Oct 7",9.1,0,Hue,19,Wonderful,https://www.booking.com/hotel/vn/senhomestay-thanh-pho-hue.html?label=gen173nr-10CAEoggI46AdIM1gEaPQBiAEBmAEzuAEXyAEM2AED6AEB-AEBiAIBqAIBuAK78OPGBsACAdICJDg2NTdiNzM2LTFhYTYtNDAzNC1hZmUyLWRiYzA1ZDFiZDJlN9gCAeACAQ&aid=304142&ucfs=1&arphpl=1&checkin=2025-10-06&checkout=2025-10-07&dest_id=-3715887&dest_type=city&group_adults=2&req_adults=2&no_rooms=1&group_children=0&req_children=0&hpos=13&hapos=257&sr_order=popularity&srpvid=7ee339dd707602b5&srepoch=1759479312&all_sr_blocks=1402429104_415396008_2_2_0&highlighted_blocks=1402429104_415396008_2_2_0&matching_block_id=1402429104_415396008_2_2_0&sr_pri_blocks=1402429104_415396008_2_2_0__30000000&from=searchresults
Mina Homestay Pool & Gym free Nera garden,850000,"Mon, Oct 6","Tue, Oct 7",9.7,4,Hue,12,Exceptional,https://www.booking.com/hotel/vn/mina-homestay-pool-amp-gym-free.html?label=gen173nr-10CAEoggI46AdIM1gEaPQBiAEBmAEzuAEXyAEM2AED6AEB-AEBiAIBqAIBuAK78OPGBsACAdICJDg2NTdiNzM2LTFhYTYtNDAzNC1hZmUyLWRiYzA1ZDFiZDJlN9gCAeACAQ&aid=304142&ucfs=1&arphpl=1&checkin=2025-10-06&checkout=2025-10-07&dest_id=-3715887&dest_type=city&group_adults=2&req_adults=2&no_rooms=1&group_children=0&req_children=0&hpos=14&hapos=258&sr_order=popularity&srpvid=7ee339dd707602b5&srepoch=1759479312&all_sr_blocks=1188094701_391283127_2_0_0&highlighted_blocks=1188094701_391283127_2_0_0&matching_block_id=1188094701_391283127_2_0_0&sr_pri_blocks=1188094701_391283127_2_0_0__85000000&from=searchresults
Nhãn Stay,962476,"Mon, Oct 6","Tue, Oct 7",9.2,4,Hue,30,Wonderful,https://www.booking.com/hotel/vn/nha-nhan.html?label=gen173nr-10CAEoggI46AdIM1gEaPQBiAEBmAEzuAEXyAEM2AED6AEB-AEBiAIBqAIBuAK78OPGBsACAdICJDg2NTdiNzM2LTFhYTYtNDAzNC1hZmUyLWRiYzA1ZDFiZDJlN9gCAeACAQ&aid=304142&ucfs=1&arphpl=1&checkin=2025-10-06&checkout=2025-10-07&dest_id=-3715887&dest_type=city&group_adults=2&req_adults=2&no_rooms=1&group_children=0&req_children=0&hpos=15&hapos=259&sr_order=popularity&srpvid=7ee339dd707602b5&srepoch=1759479312&all_sr_blocks=1046088202_0_2_0_0&highlighted_blocks=1046088202_0_2_0_0&matching_block_id=1046088202_0_2_0_0&sr_pri_blocks=1046088202_0_2_0_0__96247613&from=searchresults
AMIGO HUE hotel,529811,"Mon, Oct 6","Tue, Oct 7",7.7,2,Hue,24,Good,https://www.booking.com/hotel/vn/amigo-hue.html?label=gen173nr-10CAEoggI46AdIM1gEaPQBiAEBmAEzuAEXyAEM2AED6AEB-AEBiAIBqAIBuAK78OPGBsACAdICJDg2NTdiNzM2LTFhYTYtNDAzNC1hZmUyLWRiYzA1ZDFiZDJlN9gCAeACAQ&aid=304142&ucfs=1&arphpl=1&checkin=2025-10-06&checkout=2025-10-07&dest_id=-3715887&dest_type=city&group_adults=2&req_adults=2&no_rooms=1&group_children=0&req_children=0&hpos=16&hapos=260&sr_order=popularity&srpvid=7ee339dd707602b5&srepoch=1759479312&all_sr_blocks=1337885104_0_2_0_0&highlighted_blocks=1337885104_0_2_0_0&matching_block_id=1337885104_0_2_0_0&sr_pri_blocks=1337885104_0_2_0_0__52981064&from=searchresults
Hue Harmony Hotel,800000,"Mon, Oct 6","Tue, Oct 7",8.1,3,Hue,125,Very Good,https://www.booking.com/hotel/vn/hue-harmony.html?label=gen173nr-10CAEoggI46AdIM1gEaPQBiAEBmAEzuAEXyAEM2AED6AEB-AEBiAIBqAIBuAK78OPGBsACAdICJDg2NTdiNzM2LTFhYTYtNDAzNC1hZmUyLWRiYzA1ZDFiZDJlN9gCAeACAQ&aid=304142&ucfs=1&arphpl=1&checkin=2025-10-06&checkout=2025-10-07&dest_id=-3715887&dest_type=city&group_adults=2&req_adults=2&no_rooms=1&group_children=0&req_children=0&hpos=17&hapos=261&sr_order=popularity&srpvid=7ee339dd707602b5&srepoch=1759479312&all_sr_blocks=611765101_415269458_2_0_0&highlighted_blocks=611765101_415269458_2_0_0&matching_block_id=611765101_415269458_2_0_0&sr_pri_blocks=611765101_415269458_2_0_0__44000000&from=searchresults
Champa Hue Hotel,242000,"Mon, Nov 24","Tue, Nov 25",6.1,2,Hue,91,Review score,https://www.booking.com/hotel/vn/champa-hue.html?label=gen173nr-10CAEoggI46AdIM1gEaPQBiAEBmAEzuAEXyAEM2AED6AEB-AEBiAIBqAIBuAK78OPGBsACAdICJDg2NTdiNzM2LTFhYTYtNDAzNC1hZmUyLWRiYzA1ZDFiZDJlN9gCAeACAQ&aid=304142&ucfs=1&arphpl=1&checkin=2025-11-24&checkout=2025-11-25&dest_id=-3715887&dest_type=city&group_adults=2&req_adults=2&no_rooms=1&group_children=0&req_children=0&hpos=18&hapos=262&sr_order=popularity&srpvid=7ee339dd707602b5&srepoch=1759479312&all_sr_blocks=62167702_204687045_0_0_0&highlighted_blocks=62167702_204687045_0_0_0&matching_block_id=62167702_204687045_0_0_0&sr_pri_blocks=62167702_204687045_0_0_0__24200000&from=searchresults
SAM HOMESTAY HUE,550000,"Mon, Oct 27","Tue, Oct 28",8.7,4,Hue,130,Excellent,https://www.booking.com/hotel/vn/sam-homestay-hue.html?label=gen173nr-10CAEoggI46AdIM1gEaPQBiAEBmAEzuAEXyAEM2AED6AEB-AEBiAIBqAIBuAK78OPGBsACAdICJDg2NTdiNzM2LTFhYTYtNDAzNC1hZmUyLWRiYzA1ZDFiZDJlN9gCAeACAQ&aid=304142&ucfs=1&arphpl=1&checkin=2025-10-27&checkout=2025-10-28&dest_id=-3715887&dest_type=city&group_adults=2&req_adults=2&no_rooms=1&group_children=0&req_children=0&hpos=19&hapos=263&sr_order=popularity&srpvid=7ee339dd707602b5&srepoch=1759479312&all_sr_blocks=1130644101_408024162_2_0_0&highlighted_blocks=1130644101_408024162_2_0_0&matching_block_id=1130644101_408024162_2_0_0&sr_pri_blocks=1130644101_408024162_2_0_0__42900000&from=searchresults
Laha Hue Homestay,800000,"Mon, Oct 6","Tue, Oct 7",7.8,0,Hue,26,Good,https://www.booking.com/hotel/vn/laha-hue-homestay-thanh-pho-hue.html?label=gen173nr-10CAEoggI46AdIM1gEaPQBiAEBmAEzuAEXyAEM2AED6AEB-AEBiAIBqAIBuAK78OPGBsACAdICJDg2NTdiNzM2LTFhYTYtNDAzNC1hZmUyLWRiYzA1ZDFiZDJlN9gCAeACAQ&aid=304142&ucfs=1&arphpl=1&checkin=2025-10-06&checkout=2025-10-07&dest_id=-3715887&dest_type=city&group_adults=2&req_adults=2&no_rooms=1&group_children=0&req_children=0&hpos=20&hapos=264&sr_order=popularity&srpvid=7ee339dd707602b5&srepoch=1759479312&all_sr_blocks=1327565907_405350905_0_0_0&highlighted_blocks=1327565907_405350905_0_0_0&matching_block_id=1327565907_405350905_0_0_0&sr_pri_blocks=1327565907_405350905_0_0_0__40000000&from=searchresults
Shark Homestay,480000,"Mon, Oct 6","Tue, Oct 7",8.5,0,Hue,400,Very Good,https://www.booking.com/hotel/vn/shark-hostel.html?label=gen173nr-10CAEoggI46AdIM1gEaPQBiAEBmAEzuAEXyAEM2AED6AEB-AEBiAIBqAIBuAK78OPGBsACAdICJDg2NTdiNzM2LTFhYTYtNDAzNC1hZmUyLWRiYzA1ZDFiZDJlN9gCAeACAQ&aid=304142&ucfs=1&arphpl=1&checkin=2025-10-06&checkout=2025-10-07&dest_id=-3715887&dest_type=city&group_adults=2&req_adults=2&no_rooms=1&group_children=0&req_children=0&hpos=21&hapos=265&sr_order=popularity&srpvid=7ee339dd707602b5&srepoch=1759479312&all_sr_blocks=337340607_208863502_2_1_0&highlighted_blocks=337340607_208863502_2_1_0&matching_block_id=337340607_208863502_2_1_0&sr_pri_blocks=337340607_208863502_2_1_0__48000000&from=searchresults
AC Homestay - Nera Garden Huế,734700,"Mon, Oct 6","Tue, Oct 7",8.5,3,Hue,30,Very Good,https://www.booking.com/hotel/vn/can-ho-nghi-duong-cao-cap-rolex.html?label=gen173nr-10CAEoggI46AdIM1gEaPQBiAEBmAEzuAEXyAEM2AED6AEB-AEBiAIBqAIBuAK78OPGBsACAdICJDg2NTdiNzM2LTFhYTYtNDAzNC1hZmUyLWRiYzA1ZDFiZDJlN9gCAeACAQ&aid=304142&ucfs=1&arphpl=1&checkin=2025-10-06&checkout=2025-10-07&dest_id=-3715887&dest_type=city&group_adults=2&req_adults=2&no_rooms=1&group_children=0&req_children=0&hpos=22&hapos=266&sr_order=popularity&srpvid=7ee339dd707602b5&srepoch=1759479312&all_sr_blocks=895215302_360026440_2_0_0&highlighted_blocks=895215302_360026440_2_0_0&matching_block_id=895215302_360026440_2_0_0&sr_pri_blocks=895215302_360026440_2_0_0__73470000&from=searchresults
Flora Hotel Hue,399000,"Mon, Oct 6","Tue, Oct 7",8.2,2,Hue,55,Very Good,https://www.booking.com/hotel/vn/flora.html?label=gen173nr-10CAEoggI46AdIM1gEaPQBiAEBmAEzuAEXyAEM2AED6AEB-AEBiAIBqAIBuAK78OPGBsACAdICJDg2NTdiNzM2LTFhYTYtNDAzNC1hZmUyLWRiYzA1ZDFiZDJlN9gCAeACAQ&aid=304142&ucfs=1&arphpl=1&checkin=2025-10-06&checkout=2025-10-07&dest_id=-3715887&dest_type=city&group_adults=2&req_adults=2&no_rooms=1&group_children=0&req_children=0&hpos=23&hapos=267&sr_order=popularity&srpvid=7ee339dd707602b5&srepoch=1759479312&all_sr_blocks=185210708_408177947_0_0_0&highlighted_blocks=185210708_408177947_0_0_0&matching_block_id=185210708_408177947_0_0_0&sr_pri_blocks=185210708_408177947_0_0_0__39900000&from=searchresults
Eldora Hotel,1371383,"Mon, Oct 6","Tue, Oct 7",8.8,4,Hue,106,Excellent,https://www.booking.com/hotel/vn/eldora.html?label=gen173nr-10CAEoggI46AdIM1gEaPQBiAEBmAEzuAEXyAEM2AED6AEB-AEBiAIBqAIBuAK78OPGBsACAdICJDg2NTdiNzM2LTFhYTYtNDAzNC1hZmUyLWRiYzA1ZDFiZDJlN9gCAeACAQ&aid=304142&ucfs=1&arphpl=1&checkin=2025-10-06&checkout=2025-10-07&dest_id=-3715887&dest_type=city&group_adults=2&req_adults=2&no_rooms=1&group_children=0&req_children=0&hpos=24&hapos=268&sr_order=popularity&srpvid=7ee339dd707602b5&srepoch=1759479312&all_sr_blocks=100604607_0_2_1_0&highlighted_blocks=100604607_0_2_1_0&matching_block_id=100604607_0_2_1_0&sr_pri_blocks=100604607_0_2_1_0__137138330&from=searchresults
Hạ Home Huế - Căn hộ riêng tư trung tâm 2 phòng ngủ,1100000,"Mon, Oct 13","Tue, Oct 14",9.1,3,Hue,21,Wonderful,https://www.booking.com/hotel/vn/ha-home-hue.html?label=gen173nr-10CAEoggI46AdIM1gEaPQBiAEBmAEzuAEXyAEM2AED6AEB-AEBiAIBqAIBuAK78OPGBsACAdICJDg2NTdiNzM2LTFhYTYtNDAzNC1hZmUyLWRiYzA1ZDFiZDJlN9gCAeACAQ&aid=304142&ucfs=1&arphpl=1&checkin=2025-10-13&checkout=2025-10-14&dest_id=-3715887&dest_type=city&group_adults=2&req_adults=2&no_rooms=1&group_children=0&req_children=0&hpos=25&hapos=269&sr_order=popularity&srpvid=7ee339dd707602b5&srepoch=1759479312&all_sr_blocks=1211321801_393301929_4_0_0&highlighted_blocks=1211321801_393301929_4_0_0&matching_block_id=1211321801_393301929_4_0_0&sr_pri_blocks=1211321801_393301929_4_0_0__110000000&from=searchresults
Nice Hue Hotel,473055,"Mon, Oct 13","Tue, Oct 14",8.1,0,Hue,292,Very Good,https://www.booking.com/hotel/vn/nice-hue.html?label=gen173nr-10CAEoggI46AdIM1gEaPQBiAEBmAEzuAEXyAEM2AED6AEB-AEBiAIBqAIBuAK78OPGBsACAdICJDg2NTdiNzM2LTFhYTYtNDAzNC1hZmUyLWRiYzA1ZDFiZDJlN9gCAeACAQ&aid=304142&ucfs=1&arphpl=1&checkin=2025-10-13&checkout=2025-10-14&dest_id=-3715887&dest_type=city&group_adults=2&req_adults=2&no_rooms=1&group_children=0&req_children=0&hpos=1&hapos=270&sr_order=popularity&srpvid=7ee339dd707602b5&srepoch=1759479321&all_sr_blocks=381473304_0_2_0_0&highlighted_blocks=381473304_0_2_0_0&matching_block_id=381473304_0_2_0_0&sr_pri_blocks=381473304_0_2_0_0__47305464&from=searchresults
Q'Garden Homestay In Hue,315000,"Mon, Nov 3","Tue, Nov 4",8.9,0,Hue,16,Excellent,https://www.booking.com/hotel/vn/q-villa-in-hue.html?label=gen173nr-10CAEoggI46AdIM1gEaPQBiAEBmAEzuAEXyAEM2AED6AEB-AEBiAIBqAIBuAK78OPGBsACAdICJDg2NTdiNzM2LTFhYTYtNDAzNC1hZmUyLWRiYzA1ZDFiZDJlN9gCAeACAQ&aid=304142&ucfs=1&arphpl=1&checkin=2025-11-03&checkout=2025-11-04&dest_id=-3715887&dest_type=city&group_adults=2&req_adults=2&no_rooms=1&group_children=0&req_children=0&hpos=2&hapos=271&sr_order=popularity&srpvid=7ee339dd707602b5&srepoch=1759479321&all_sr_blocks=1358502101_411547084_4_42_0&highlighted_blocks=1358502101_411547084_4_42_0&matching_block_id=1358502101_411547084_4_42_0&sr_pri_blocks=1358502101_411547084_4_42_0__31500000&from=searchresults
Spring Garden Villa,500000,"Mon, Oct 6","Tue, Oct 7",9.0,3,Hue,209,Wonderful,https://www.booking.com/hotel/vn/spring-garden-villa.html?label=gen173nr-10CAEoggI46AdIM1gEaPQBiAEBmAEzuAEXyAEM2AED6AEB-AEBiAIBqAIBuAK78OPGBsACAdICJDg2NTdiNzM2LTFhYTYtNDAzNC1hZmUyLWRiYzA1ZDFiZDJlN9gCAeACAQ&aid=304142&ucfs=1&arphpl=1&checkin=2025-10-06&checkout=2025-10-07&dest_id=-3715887&dest_type=city&group_adults=2&req_adults=2&no_rooms=1&group_children=0&req_children=0&hpos=3&hapos=272&sr_order=popularity&srpvid=7ee339dd707602b5&srepoch=1759479321&all_sr_blocks=340086403_391349319_2_1_0&highlighted_blocks=340086403_391349319_2_1_0&matching_block_id=340086403_391349319_2_1_0&sr_pri_blocks=340086403_391349319_2_1_0__47000000&from=searchresults
LOVE HOME-Luxury&chill Apart Hue city-2bed-5'Trang tien,972000,"Mon, Oct 6","Tue, Oct 7",9.6,4,Hue,25,Exceptional,https://www.booking.com/hotel/vn/can-ho-cao-cap-2pn-view-dep-5-trang-tien-vincom-hue.html?label=gen173nr-10CAEoggI46AdIM1gEaPQBiAEBmAEzuAEXyAEM2AED6AEB-AEBiAIBqAIBuAK78OPGBsACAdICJDg2NTdiNzM2LTFhYTYtNDAzNC1hZmUyLWRiYzA1ZDFiZDJlN9gCAeACAQ&aid=304142&ucfs=1&arphpl=1&checkin=2025-10-06&checkout=2025-10-07&dest_id=-3715887&dest_type=city&group_adults=2&req_adults=2&no_rooms=1&group_children=0&req_children=0&hpos=4&hapos=273&sr_order=popularity&srpvid=7ee339dd707602b5&srepoch=1759479321&all_sr_blocks=1070142801_379530513_2_0_0&highlighted_blocks=1070142801_379530513_2_0_0&matching_block_id=1070142801_379530513_2_0_0&sr_pri_blocks=1070142801_379530513_2_0_0__87480000&from=searchresults
Chic Studio Homestay,1600000,"Mon, Oct 6","Tue, Oct 7",8.9,4,Hue,74,Excellent,https://www.booking.com/hotel/vn/chic-studio-homestay.html?label=gen173nr-10CAEoggI46AdIM1gEaPQBiAEBmAEzuAEXyAEM2AED6AEB-AEBiAIBqAIBuAK78OPGBsACAdICJDg2NTdiNzM2LTFhYTYtNDAzNC1hZmUyLWRiYzA1ZDFiZDJlN9gCAeACAQ&aid=304142&ucfs=1&arphpl=1&checkin=2025-10-06&checkout=2025-10-07&dest_id=-3715887&dest_type=city&group_adults=2&req_adults=2&no_rooms=1&group_children=0&req_children=0&hpos=5&hapos=274&sr_order=popularity&srpvid=7ee339dd707602b5&srepoch=1759479321&all_sr_blocks=567049602_270726903_4_0_0&highlighted_blocks=567049602_270726903_4_0_0&matching_block_id=567049602_270726903_4_0_0&sr_pri_blocks=567049602_270726903_4_0_0__64000000&from=searchresults
Millennium Hue Hotel,800656,"Mon, Oct 6","Tue, Oct 7",8.6,3,Hue,103,Excellent,https://www.booking.com/hotel/vn/millennium-hue.html?label=gen173nr-10CAEoggI46AdIM1gEaPQBiAEBmAEzuAEXyAEM2AED6AEB-AEBiAIBqAIBuAK78OPGBsACAdICJDg2NTdiNzM2LTFhYTYtNDAzNC1hZmUyLWRiYzA1ZDFiZDJlN9gCAeACAQ&aid=304142&ucfs=1&arphpl=1&checkin=2025-10-06&checkout=2025-10-07&dest_id=-3715887&dest_type=city&group_adults=2&req_adults=2&no_rooms=1&group_children=0&req_children=0&hpos=6&hapos=275&sr_order=popularity&srpvid=7ee339dd707602b5&srepoch=1759479321&all_sr_blocks=919911101_0_2_0_0&highlighted_blocks=919911101_0_2_0_0&matching_block_id=919911101_0_2_0_0&sr_pri_blocks=919911101_0_2_0_0__80065554&from=searchresults
75 Garden INN,899000,"Mon, Oct 6","Tue, Oct 7",8.7,0,Hue,143,Excellent,https://www.booking.com/hotel/vn/hue-1962-garden-inn.html?label=gen173nr-10CAEoggI46AdIM1gEaPQBiAEBmAEzuAEXyAEM2AED6AEB-AEBiAIBqAIBuAK78OPGBsACAdICJDg2NTdiNzM2LTFhYTYtNDAzNC1hZmUyLWRiYzA1ZDFiZDJlN9gCAeACAQ&aid=304142&ucfs=1&arphpl=1&checkin=2025-10-06&checkout=2025-10-07&dest_id=-3715887&dest_type=city&group_adults=2&req_adults=2&no_rooms=1&group_children=0&req_children=0&hpos=7&hapos=276&sr_order=popularity&srpvid=7ee339dd707602b5&srepoch=1759479321&all_sr_blocks=1161589001_422021164_2_1_0&highlighted_blocks=1161589001_422021164_2_1_0&matching_block_id=1161589001_422021164_2_1_0&sr_pri_blocks=1161589001_422021164_2_1_0__89900000&from=searchresults
"KENPIB HOMESTAY, đậu nhiều ô tô",350000,"Mon, Oct 6","Tue, Oct 7",9.2,3,Hue,15,Wonderful,https://www.booking.com/hotel/vn/nguyen-can-3-phong-ngu-dau-nhieu-o-to-kenpi-b-homestay.html?label=gen173nr-10CAEoggI46AdIM1gEaPQBiAEBmAEzuAEXyAEM2AED6AEB-AEBiAIBqAIBuAK78OPGBsACAdICJDg2NTdiNzM2LTFhYTYtNDAzNC1hZmUyLWRiYzA1ZDFiZDJlN9gCAeACAQ&aid=304142&ucfs=1&arphpl=1&checkin=2025-10-06&checkout=2025-10-07&dest_id=-3715887&dest_type=city&group_adults=2&req_adults=2&no_rooms=1&group_children=0&req_children=0&hpos=8&hapos=277&sr_order=popularity&srpvid=7ee339dd707602b5&srepoch=1759479321&all_sr_blocks=1055810920_380698407_2_0_0&highlighted_blocks=1055810920_380698407_2_0_0&matching_block_id=1055810920_380698407_2_0_0&sr_pri_blocks=1055810920_380698407_2_0_0__28000000&from=searchresults
Hiên Cát homestay,880000,"Mon, Oct 6","Tue, Oct 7",8.5,0,Hue,2,Very Good,https://www.booking.com/hotel/vn/hien-cat-homestay-hue.html?label=gen173nr-10CAEoggI46AdIM1gEaPQBiAEBmAEzuAEXyAEM2AED6AEB-AEBiAIBqAIBuAK78OPGBsACAdICJDg2NTdiNzM2LTFhYTYtNDAzNC1hZmUyLWRiYzA1ZDFiZDJlN9gCAeACAQ&aid=304142&ucfs=1&arphpl=1&checkin=2025-10-06&checkout=2025-10-07&dest_id=-3715887&dest_type=city&group_adults=2&req_adults=2&no_rooms=1&group_children=0&req_children=0&hpos=9&hapos=278&sr_order=popularity&srpvid=7ee339dd707602b5&srepoch=1759479321&all_sr_blocks=1054036001_377591242_2_0_0&highlighted_blocks=1054036001_377591242_2_0_0&matching_block_id=1054036001_377591242_2_0_0&sr_pri_blocks=1054036001_377591242_2_0_0__88000000&from=searchresults
Ciel Homestay,800000,"Mon, Oct 6","Tue, Oct 7",9.4,0,Hue,118,Wonderful,https://www.booking.com/hotel/vn/ciel-homestay.html?label=gen173nr-10CAEoggI46AdIM1gEaPQBiAEBmAEzuAEXyAEM2AED6AEB-AEBiAIBqAIBuAK78OPGBsACAdICJDg2NTdiNzM2LTFhYTYtNDAzNC1hZmUyLWRiYzA1ZDFiZDJlN9gCAeACAQ&aid=304142&ucfs=1&arphpl=1&checkin=2025-10-06&checkout=2025-10-07&dest_id=-3715887&dest_type=city&group_adults=2&req_adults=2&no_rooms=1&group_children=0&req_children=0&hpos=10&hapos=279&sr_order=popularity&srpvid=7ee339dd707602b5&srepoch=1759479321&all_sr_blocks=266384302_351318358_2_0_0&highlighted_blocks=266384302_351318358_2_0_0&matching_block_id=266384302_351318358_2_0_0&sr_pri_blocks=266384302_351318358_2_0_0__80000000&from=searchresults
Moon Homestay Huế,319681,"Mon, Oct 13","Tue, Oct 14",9.7,3,Hue,55,Exceptional,https://www.booking.com/hotel/vn/moon-homestay-hue.html?label=gen173nr-10CAEoggI46AdIM1gEaPQBiAEBmAEzuAEXyAEM2AED6AEB-AEBiAIBqAIBuAK78OPGBsACAdICJDg2NTdiNzM2LTFhYTYtNDAzNC1hZmUyLWRiYzA1ZDFiZDJlN9gCAeACAQ&aid=304142&ucfs=1&arphpl=1&checkin=2025-10-13&checkout=2025-10-14&dest_id=-3715887&dest_type=city&group_adults=2&req_adults=2&no_rooms=1&group_children=0&req_children=0&hpos=11&hapos=280&sr_order=popularity&srpvid=7ee339dd707602b5&srepoch=1759479321&all_sr_blocks=1172187101_0_2_0_0&highlighted_blocks=1172187101_0_2_0_0&matching_block_id=1172187101_0_2_0_0&sr_pri_blocks=1172187101_0_2_0_0__31968146&from=searchresults
Phương Đông Huế Homestay,269000,"Mon, Oct 6","Tue, Oct 7",8.7,0,Hue,74,Excellent,https://www.booking.com/hotel/vn/phuong-dong-hue-homestay.html?label=gen173nr-10CAEoggI46AdIM1gEaPQBiAEBmAEzuAEXyAEM2AED6AEB-AEBiAIBqAIBuAK78OPGBsACAdICJDg2NTdiNzM2LTFhYTYtNDAzNC1hZmUyLWRiYzA1ZDFiZDJlN9gCAeACAQ&aid=304142&ucfs=1&arphpl=1&checkin=2025-10-06&checkout=2025-10-07&dest_id=-3715887&dest_type=city&group_adults=2&req_adults=2&no_rooms=1&group_children=0&req_children=0&hpos=12&hapos=281&sr_order=popularity&srpvid=7ee339dd707602b5&srepoch=1759479321&all_sr_blocks=1192516314_413754730_2_0_0&highlighted_blocks=1192516314_413754730_2_0_0&matching_block_id=1192516314_413754730_2_0_0&sr_pri_blocks=1192516314_413754730_2_0_0__26900000&from=searchresults
Thien An Pine Hill Homestay Hue,600000,"Mon, Oct 6","Tue, Oct 7",9.2,0,Hue,42,Wonderful,https://www.booking.com/hotel/vn/thien-an-pine-hill-homestay-hue.html?label=gen173nr-10CAEoggI46AdIM1gEaPQBiAEBmAEzuAEXyAEM2AED6AEB-AEBiAIBqAIBuAK78OPGBsACAdICJDg2NTdiNzM2LTFhYTYtNDAzNC1hZmUyLWRiYzA1ZDFiZDJlN9gCAeACAQ&aid=304142&ucfs=1&arphpl=1&checkin=2025-10-06&checkout=2025-10-07&dest_id=-3715887&dest_type=city&group_adults=2&req_adults=2&no_rooms=1&group_children=0&req_children=0&hpos=13&hapos=282&sr_order=popularity&srpvid=7ee339dd707602b5&srepoch=1759479321&all_sr_blocks=998093202_414475203_2_2_0&highlighted_blocks=998093202_414475203_2_2_0&matching_block_id=998093202_414475203_2_2_0&sr_pri_blocks=998093202_414475203_2_2_0__51000000&from=searchresults
An Thai Homestay Hue,450000,"Mon, Dec 1","Tue, Dec 2",8.8,0,Hue,115,Excellent,https://www.booking.com/hotel/vn/an-thai-homestay-hue.html?label=gen173nr-10CAEoggI46AdIM1gEaPQBiAEBmAEzuAEXyAEM2AED6AEB-AEBiAIBqAIBuAK78OPGBsACAdICJDg2NTdiNzM2LTFhYTYtNDAzNC1hZmUyLWRiYzA1ZDFiZDJlN9gCAeACAQ&aid=304142&ucfs=1&arphpl=1&checkin=2025-12-01&checkout=2025-12-02&dest_id=-3715887&dest_type=city&group_adults=2&req_adults=2&no_rooms=1&group_children=0&req_children=0&hpos=14&hapos=283&sr_order=popularity&srpvid=7ee339dd707602b5&srepoch=1759479321&all_sr_blocks=681070504_277899103_2_0_0&highlighted_blocks=681070504_277899103_2_0_0&matching_block_id=681070504_277899103_2_0_0&sr_pri_blocks=681070504_277899103_2_0_0__45000000&from=searchresults
Kenppi Homestay,2000000,"Mon, Oct 6","Tue, Oct 7",7.0,0,Hue,,Good,https://www.booking.com/hotel/vn/kenpi-homestay-4-phong-ngu.html?label=gen173nr-10CAEoggI46AdIM1gEaPQBiAEBmAEzuAEXyAEM2AED6AEB-AEBiAIBqAIBuAK78OPGBsACAdICJDg2NTdiNzM2LTFhYTYtNDAzNC1hZmUyLWRiYzA1ZDFiZDJlN9gCAeACAQ&aid=304142&ucfs=1&arphpl=1&checkin=2025-10-06&checkout=2025-10-07&dest_id=-3715887&dest_type=city&group_adults=2&req_adults=2&no_rooms=1&group_children=0&req_children=0&hpos=15&hapos=284&sr_order=popularity&srpvid=7ee339dd707602b5&srepoch=1759479321&all_sr_blocks=974175006_390613396_5_0_0&highlighted_blocks=974175006_390613396_5_0_0&matching_block_id=974175006_390613396_5_0_0&sr_pri_blocks=974175006_390613396_5_0_0__160000000&from=searchresults
Villa Louise Hue Beach Boutique Hotel,2521827,"Mon, Oct 6","Tue, Oct 7",8.1,0,Hue,232,Very Good,https://www.booking.com/hotel/vn/villa-louise-hue-beach-boutique.html?label=gen173nr-10CAEoggI46AdIM1gEaPQBiAEBmAEzuAEXyAEM2AED6AEB-AEBiAIBqAIBuAK78OPGBsACAdICJDg2NTdiNzM2LTFhYTYtNDAzNC1hZmUyLWRiYzA1ZDFiZDJlN9gCAeACAQ&aid=304142&ucfs=1&arphpl=1&checkin=2025-10-06&checkout=2025-10-07&dest_id=-3715887&dest_type=city&group_adults=2&req_adults=2&no_rooms=1&group_children=0&req_children=0&hpos=16&hapos=285&sr_order=popularity&srpvid=7ee339dd707602b5&srepoch=1759479321&all_sr_blocks=145358313_373273627_0_2_0&highlighted_blocks=145358313_373273627_0_2_0&matching_block_id=145358313_373273627_0_2_0&sr_pri_blocks=145358313_373273627_0_2_0__176527900&from=searchresults
Thanh An 3 Guesthouse,199000,"Mon, Oct 6","Tue, Oct 7",5.8,0,Hue,33,Review score,https://www.booking.com/hotel/vn/thanh-an-3-guesthouse.html?label=gen173nr-10CAEoggI46AdIM1gEaPQBiAEBmAEzuAEXyAEM2AED6AEB-AEBiAIBqAIBuAK78OPGBsACAdICJDg2NTdiNzM2LTFhYTYtNDAzNC1hZmUyLWRiYzA1ZDFiZDJlN9gCAeACAQ&aid=304142&ucfs=1&arphpl=1&checkin=2025-10-06&checkout=2025-10-07&dest_id=-3715887&dest_type=city&group_adults=2&req_adults=2&no_rooms=1&group_children=0&req_children=0&hpos=17&hapos=286&sr_order=popularity&srpvid=7ee339dd707602b5&srepoch=1759479321&all_sr_blocks=174553301_125363309_2_2_0&highlighted_blocks=174553301_125363309_2_2_0&matching_block_id=174553301_125363309_2_2_0&sr_pri_blocks=174553301_125363309_2_2_0__19900000&from=searchresults
Charming Riverside Hotel,380000,"Mon, Dec 1","Tue, Dec 2",9.1,0,Hue,215,Wonderful,https://www.booking.com/hotel/vn/charming-riverside.html?label=gen173nr-10CAEoggI46AdIM1gEaPQBiAEBmAEzuAEXyAEM2AED6AEB-AEBiAIBqAIBuAK78OPGBsACAdICJDg2NTdiNzM2LTFhYTYtNDAzNC1hZmUyLWRiYzA1ZDFiZDJlN9gCAeACAQ&aid=304142&ucfs=1&arphpl=1&checkin=2025-12-01&checkout=2025-12-02&dest_id=-3715887&dest_type=city&group_adults=2&req_adults=2&no_rooms=1&group_children=0&req_children=0&hpos=18&hapos=287&sr_order=popularity&srpvid=7ee339dd707602b5&srepoch=1759479321&all_sr_blocks=188128902_243254303_0_0_0&highlighted_blocks=188128902_243254303_0_0_0&matching_block_id=188128902_243254303_0_0_0&sr_pri_blocks=188128902_243254303_0_0_0__38000000&from=searchresults
Na Homestay,492061,"Mon, Oct 6","Tue, Oct 7",8.4,1,Hue,116,Very Good,https://www.booking.com/hotel/vn/na-hue-homestay.html?label=gen173nr-10CAEoggI46AdIM1gEaPQBiAEBmAEzuAEXyAEM2AED6AEB-AEBiAIBqAIBuAK78OPGBsACAdICJDg2NTdiNzM2LTFhYTYtNDAzNC1hZmUyLWRiYzA1ZDFiZDJlN9gCAeACAQ&aid=304142&ucfs=1&arphpl=1&checkin=2025-10-06&checkout=2025-10-07&dest_id=-3715887&dest_type=city&group_adults=2&req_adults=2&no_rooms=1&group_children=0&req_children=0&hpos=19&hapos=288&sr_order=popularity&srpvid=7ee339dd707602b5&srepoch=1759479321&all_sr_blocks=595879101_0_2_0_0&highlighted_blocks=595879101_0_2_0_0&matching_block_id=595879101_0_2_0_0&sr_pri_blocks=595879101_0_2_0_0__49206130&from=searchresults
Thanh An 2 Guesthouse,250000,"Mon, Oct 6","Tue, Oct 7",5.5,0,Hue,61,Review score,https://www.booking.com/hotel/vn/thanh-an-2-guesthouse.html?label=gen173nr-10CAEoggI46AdIM1gEaPQBiAEBmAEzuAEXyAEM2AED6AEB-AEBiAIBqAIBuAK78OPGBsACAdICJDg2NTdiNzM2LTFhYTYtNDAzNC1hZmUyLWRiYzA1ZDFiZDJlN9gCAeACAQ&aid=304142&ucfs=1&arphpl=1&checkin=2025-10-06&checkout=2025-10-07&dest_id=-3715887&dest_type=city&group_adults=2&req_adults=2&no_rooms=1&group_children=0&req_children=0&hpos=20&hapos=289&sr_order=popularity&srpvid=7ee339dd707602b5&srepoch=1759479321&all_sr_blocks=407458701_179277821_2_2_0&highlighted_blocks=407458701_179277821_2_2_0&matching_block_id=407458701_179277821_2_2_0&sr_pri_blocks=407458701_179277821_2_2_0__25000000&from=searchresults
Kenpia Homestay,320000,"Mon, Oct 6","Tue, Oct 7",7.5,4,Hue,2,Good,https://www.booking.com/hotel/vn/kenpib-homestay-nguyen-can-dau-nhieu-o-to.html?label=gen173nr-10CAEoggI46AdIM1gEaPQBiAEBmAEzuAEXyAEM2AED6AEB-AEBiAIBqAIBuAK78OPGBsACAdICJDg2NTdiNzM2LTFhYTYtNDAzNC1hZmUyLWRiYzA1ZDFiZDJlN9gCAeACAQ&aid=304142&ucfs=1&arphpl=1&checkin=2025-10-06&checkout=2025-10-07&dest_id=-3715887&dest_type=city&group_adults=2&req_adults=2&no_rooms=1&group_children=0&req_children=0&hpos=21&hapos=290&sr_order=popularity&srpvid=7ee339dd707602b5&srepoch=1759479321&all_sr_blocks=1035833621_380852886_2_0_0&highlighted_blocks=1035833621_380852886_2_0_0&matching_block_id=1035833621_380852886_2_0_0&sr_pri_blocks=1035833621_380852886_2_0_0__24000000&from=searchresults
Lum Dong Tien Hotel,350000,"Mon, Oct 6","Tue, Oct 7",6.8,1,Hue,169,Review score,https://www.booking.com/hotel/vn/lum-dong-tien.html?label=gen173nr-10CAEoggI46AdIM1gEaPQBiAEBmAEzuAEXyAEM2AED6AEB-AEBiAIBqAIBuAK78OPGBsACAdICJDg2NTdiNzM2LTFhYTYtNDAzNC1hZmUyLWRiYzA1ZDFiZDJlN9gCAeACAQ&aid=304142&ucfs=1&arphpl=1&checkin=2025-10-06&checkout=2025-10-07&dest_id=-3715887&dest_type=city&group_adults=2&req_adults=2&no_rooms=1&group_children=0&req_children=0&hpos=22&hapos=291&sr_order=popularity&srpvid=7ee339dd707602b5&srepoch=1759479321&all_sr_blocks=192450101_130046558_2_0_0&highlighted_blocks=192450101_130046558_2_0_0&matching_block_id=192450101_130046558_2_0_0&sr_pri_blocks=192450101_130046558_2_0_0__35000000&from=searchresults
Vân Kì 1,855000,"Mon, Oct 6","Tue, Oct 7",,0,Hue,2,Exceptional,https://www.booking.com/hotel/vn/van-ki-1.html?label=gen173nr-10CAEoggI46AdIM1gEaPQBiAEBmAEzuAEXyAEM2AED6AEB-AEBiAIBqAIBuAK78OPGBsACAdICJDg2NTdiNzM2LTFhYTYtNDAzNC1hZmUyLWRiYzA1ZDFiZDJlN9gCAeACAQ&aid=304142&ucfs=1&arphpl=1&checkin=2025-10-06&checkout=2025-10-07&dest_id=-3715887&dest_type=city&group_adults=2&req_adults=2&no_rooms=1&group_children=0&req_children=0&hpos=23&hapos=292&sr_order=popularity&srpvid=7ee339dd707602b5&srepoch=1759479321&all_sr_blocks=1488585701_420483875_6_0_0&highlighted_blocks=1488585701_420483875_6_0_0&matching_block_id=1488585701_420483875_6_0_0&sr_pri_blocks=1488585701_420483875_6_0_0__85500000&from=searchresults
Soleil House,380000,"Mon, Oct 6","Tue, Oct 7",8.5,0,Hue,441,Very Good,https://www.booking.com/hotel/vn/soleil-house.html?label=gen173nr-10CAEoggI46AdIM1gEaPQBiAEBmAEzuAEXyAEM2AED6AEB-AEBiAIBqAIBuAK78OPGBsACAdICJDg2NTdiNzM2LTFhYTYtNDAzNC1hZmUyLWRiYzA1ZDFiZDJlN9gCAeACAQ&aid=304142&ucfs=1&arphpl=1&checkin=2025-10-06&checkout=2025-10-07&dest_id=-3715887&dest_type=city&group_adults=2&req_adults=2&no_rooms=1&group_children=0&req_children=0&hpos=24&hapos=293&sr_order=popularity&srpvid=7ee339dd707602b5&srepoch=1759479321&all_sr_blocks=354554310_421515786_2_1_0&highlighted_blocks=354554310_421515786_2_1_0&matching_block_id=354554310_421515786_2_1_0&sr_pri_blocks=354554310_421515786_2_1_0__38000000&from=searchresults
La Paix Hue,920000,"Mon, Oct 6","Tue, Oct 7",8.4,0,Hue,265,Very Good,https://www.booking.com/hotel/vn/la-paix-hue-riverside-villa.html?label=gen173nr-10CAEoggI46AdIM1gEaPQBiAEBmAEzuAEXyAEM2AED6AEB-AEBiAIBqAIBuAK78OPGBsACAdICJDg2NTdiNzM2LTFhYTYtNDAzNC1hZmUyLWRiYzA1ZDFiZDJlN9gCAeACAQ&aid=304142&ucfs=1&arphpl=1&checkin=2025-10-06&checkout=2025-10-07&dest_id=-3715887&dest_type=city&group_adults=2&req_adults=2&no_rooms=1&group_children=0&req_children=0&hpos=25&hapos=294&sr_order=popularity&srpvid=7ee339dd707602b5&srepoch=1759479321&all_sr_blocks=408953304_401815319_2_1_0&highlighted_blocks=408953304_401815319_2_1_0&matching_block_id=408953304_401815319_2_1_0&sr_pri_blocks=408953304_401815319_2_1_0__69000000&from=searchresults
Pao Hotel,390956,"Mon, Oct 6","Tue, Oct 7",8.5,0,Hue,84,Very Good,https://www.booking.com/hotel/vn/pao.html?label=gen173nr-10CAEoggI46AdIM1gEaPQBiAEBmAEzuAEXyAEM2AED6AEB-AEBiAIBqAIBuAK78OPGBsACAdICJDg2NTdiNzM2LTFhYTYtNDAzNC1hZmUyLWRiYzA1ZDFiZDJlN9gCAeACAQ&aid=304142&ucfs=1&arphpl=1&checkin=2025-10-06&checkout=2025-10-07&dest_id=-3715887&dest_type=city&group_adults=2&req_adults=2&no_rooms=1&group_children=0&req_children=0&hpos=1&hapos=295&sr_order=popularity&srpvid=7ee339dd707602b5&srepoch=1759479331&all_sr_blocks=885588901_0_2_0_0&highlighted_blocks=885588901_0_2_0_0&matching_block_id=885588901_0_2_0_0&sr_pri_blocks=885588901_0_2_0_0__39095643&from=searchresults
canary homestay-We love having you here phòng lẻ,288268,"Mon, Oct 6","Tue, Oct 7",9.0,0,Hue,18,Wonderful,https://www.booking.com/hotel/vn/canary-homestay-thanh-pho-hue1.html?label=gen173nr-10CAEoggI46AdIM1gEaPQBiAEBmAEzuAEXyAEM2AED6AEB-AEBiAIBqAIBuAK78OPGBsACAdICJDg2NTdiNzM2LTFhYTYtNDAzNC1hZmUyLWRiYzA1ZDFiZDJlN9gCAeACAQ&aid=304142&ucfs=1&arphpl=1&checkin=2025-10-06&checkout=2025-10-07&dest_id=-3715887&dest_type=city&group_adults=2&req_adults=2&no_rooms=1&group_children=0&req_children=0&hpos=2&hapos=296&sr_order=popularity&srpvid=7ee339dd707602b5&srepoch=1759479331&all_sr_blocks=1180333504_0_2_0_0&highlighted_blocks=1180333504_0_2_0_0&matching_block_id=1180333504_0_2_0_0&sr_pri_blocks=1180333504_0_2_0_0__28826767&from=searchresults
Homestay 52,225000,"Mon, Oct 6","Tue, Oct 7",7.0,0,Hue,6,Good,https://www.booking.com/hotel/vn/homestay-52.html?label=gen173nr-10CAEoggI46AdIM1gEaPQBiAEBmAEzuAEXyAEM2AED6AEB-AEBiAIBqAIBuAK78OPGBsACAdICJDg2NTdiNzM2LTFhYTYtNDAzNC1hZmUyLWRiYzA1ZDFiZDJlN9gCAeACAQ&aid=304142&ucfs=1&arphpl=1&checkin=2025-10-06&checkout=2025-10-07&dest_id=-3715887&dest_type=city&group_adults=2&req_adults=2&no_rooms=1&group_children=0&req_children=0&hpos=3&hapos=297&sr_order=popularity&srpvid=7ee339dd707602b5&srepoch=1759479331&all_sr_blocks=1374806301_409636268_2_0_0&highlighted_blocks=1374806301_409636268_2_0_0&matching_block_id=1374806301_409636268_2_0_0&sr_pri_blocks=1374806301_409636268_2_0_0__22500000&from=searchresults
Rang Dong Hue Hotel,423000,"Mon, Oct 6","Tue, Oct 7",7.6,1,Hue,43,Good,https://www.booking.com/hotel/vn/rang-dong-hue.html?label=gen173nr-10CAEoggI46AdIM1gEaPQBiAEBmAEzuAEXyAEM2AED6AEB-AEBiAIBqAIBuAK78OPGBsACAdICJDg2NTdiNzM2LTFhYTYtNDAzNC1hZmUyLWRiYzA1ZDFiZDJlN9gCAeACAQ&aid=304142&ucfs=1&arphpl=1&checkin=2025-10-06&checkout=2025-10-07&dest_id=-3715887&dest_type=city&group_adults=2&req_adults=2&no_rooms=1&group_children=0&req_children=0&hpos=4&hapos=298&sr_order=popularity&srpvid=7ee339dd707602b5&srepoch=1759479331&all_sr_blocks=289024104_288460910_2_0_0&highlighted_blocks=289024104_288460910_2_0_0&matching_block_id=289024104_288460910_2_0_0&sr_pri_blocks=289024104_288460910_2_0_0__42300000&from=searchresults
Baly Hotel Hue,598710,"Mon, Oct 6","Tue, Oct 7",8.6,3,Hue,254,Excellent,https://www.booking.com/hotel/vn/crown.html?label=gen173nr-10CAEoggI46AdIM1gEaPQBiAEBmAEzuAEXyAEM2AED6AEB-AEBiAIBqAIBuAK78OPGBsACAdICJDg2NTdiNzM2LTFhYTYtNDAzNC1hZmUyLWRiYzA1ZDFiZDJlN9gCAeACAQ&aid=304142&ucfs=1&arphpl=1&checkin=2025-10-06&checkout=2025-10-07&dest_id=-3715887&dest_type=city&group_adults=2&req_adults=2&no_rooms=1&group_children=0&req_children=0&hpos=5&hapos=299&sr_order=popularity&srpvid=7ee339dd707602b5&srepoch=1759479331&all_sr_blocks=25338408_0_2_1_0&highlighted_blocks=25338408_0_2_1_0&matching_block_id=25338408_0_2_1_0&sr_pri_blocks=25338408_0_2_1_0__59870978&from=searchresults
BK48,239000,"Mon, Oct 6","Tue, Oct 7",6.6,2,Hue,58,Review score,https://www.booking.com/hotel/vn/bk48.html?label=gen173nr-10CAEoggI46AdIM1gEaPQBiAEBmAEzuAEXyAEM2AED6AEB-AEBiAIBqAIBuAK78OPGBsACAdICJDg2NTdiNzM2LTFhYTYtNDAzNC1hZmUyLWRiYzA1ZDFiZDJlN9gCAeACAQ&aid=304142&ucfs=1&arphpl=1&checkin=2025-10-06&checkout=2025-10-07&dest_id=-3715887&dest_type=city&group_adults=2&req_adults=2&no_rooms=1&group_children=0&req_children=0&hpos=6&hapos=300&sr_order=popularity&srpvid=7ee339dd707602b5&srepoch=1759479331&all_sr_blocks=1136154801_386249083_2_2_0&highlighted_blocks=1136154801_386249083_2_2_0&matching_block_id=1136154801_386249083_2_2_0&sr_pri_blocks=1136154801_386249083_2_2_0__23900000&from=searchresults
Velvet Rose Hotel,1170000,"Mon, Oct 13","Tue, Oct 14",7.9,0,Hue,10,Good,https://www.booking.com/hotel/vn/velvet-rose-thanh-pho-hue.html?label=gen173nr-10CAEoggI46AdIM1gEaPQBiAEBmAEzuAEXyAEM2AED6AEB-AEBiAIBqAIBuAK78OPGBsACAdICJDg2NTdiNzM2LTFhYTYtNDAzNC1hZmUyLWRiYzA1ZDFiZDJlN9gCAeACAQ&aid=304142&ucfs=1&arphpl=1&checkin=2025-10-13&checkout=2025-10-14&dest_id=-3715887&dest_type=city&group_adults=2&req_adults=2&no_rooms=1&group_children=0&req_children=0&hpos=7&hapos=301&sr_order=popularity&srpvid=7ee339dd707602b5&srepoch=1759479331&all_sr_blocks=1262266201_398850928_3_1_0_589408&highlighted_blocks=1262266201_398850928_3_1_0_589408&matching_block_id=1262266201_398850928_3_1_0_589408&sr_pri_blocks=1262266201_398850928_3_1_0_589408_117000000&from=searchresults
Nera River,679250,"Mon, Oct 6","Tue, Oct 7",9.5,0,Hue,2,Exceptional,https://www.booking.com/hotel/vn/nera-river-hue.html?label=gen173nr-10CAEoggI46AdIM1gEaPQBiAEBmAEzuAEXyAEM2AED6AEB-AEBiAIBqAIBuAK78OPGBsACAdICJDg2NTdiNzM2LTFhYTYtNDAzNC1hZmUyLWRiYzA1ZDFiZDJlN9gCAeACAQ&aid=304142&ucfs=1&arphpl=1&checkin=2025-10-06&checkout=2025-10-07&dest_id=-3715887&dest_type=city&group_adults=2&req_adults=2&no_rooms=1&group_children=0&req_children=0&hpos=8&hapos=302&sr_order=popularity&srpvid=7ee339dd707602b5&srepoch=1759479331&all_sr_blocks=1376991001_412086402_2_2_0&highlighted_blocks=1376991001_412086402_2_2_0&matching_block_id=1376991001_412086402_2_2_0&sr_pri_blocks=1376991001_412086402_2_2_0__67925000&from=searchresults
Huế Memory Stay-Nera Garden,1032750,"Mon, Oct 20","Tue, Oct 21",,0,Hue,2,Exceptional,https://www.booking.com/hotel/vn/hue-memory-stay.html?label=gen173nr-10CAEoggI46AdIM1gEaPQBiAEBmAEzuAEXyAEM2AED6AEB-AEBiAIBqAIBuAK78OPGBsACAdICJDg2NTdiNzM2LTFhYTYtNDAzNC1hZmUyLWRiYzA1ZDFiZDJlN9gCAeACAQ&aid=304142&ucfs=1&arphpl=1&checkin=2025-10-20&checkout=2025-10-21&dest_id=-3715887&dest_type=city&group_adults=2&req_adults=2&no_rooms=1&group_children=0&req_children=0&hpos=9&hapos=303&sr_order=popularity&srpvid=7ee339dd707602b5&srepoch=1759479331&all_sr_blocks=1464198302_419839112_4_0_0&highlighted_blocks=1464198302_419839112_4_0_0&matching_block_id=1464198302_419839112_4_0_0&sr_pri_blocks=1464198302_419839112_4_0_0__87783800&from=searchresults
Cle homestay,275500,"Mon, Oct 6","Tue, Oct 7",9.0,0,Hue,9,Wonderful,https://www.booking.com/hotel/vn/cle-homestay.html?label=gen173nr-10CAEoggI46AdIM1gEaPQBiAEBmAEzuAEXyAEM2AED6AEB-AEBiAIBqAIBuAK78OPGBsACAdICJDg2NTdiNzM2LTFhYTYtNDAzNC1hZmUyLWRiYzA1ZDFiZDJlN9gCAeACAQ&aid=304142&ucfs=1&arphpl=1&checkin=2025-10-06&checkout=2025-10-07&dest_id=-3715887&dest_type=city&group_adults=2&req_adults=2&no_rooms=1&group_children=0&req_children=0&hpos=10&hapos=304&sr_order=popularity&srpvid=7ee339dd707602b5&srepoch=1759479331&all_sr_blocks=1192296504_410258160_0_2_0&highlighted_blocks=1192296504_410258160_0_2_0&matching_block_id=1192296504_410258160_0_2_0&sr_pri_blocks=1192296504_410258160_0_2_0__27550000&from=searchresults
Alba Wellness Resort By Fusion,2871326,"Mon, Nov 3","Tue, Nov 4",9.1,5,Hue,85,Wonderful,https://www.booking.com/hotel/vn/alba-wellness-resort-hue.html?label=gen173nr-10CAEoggI46AdIM1gEaPQBiAEBmAEzuAEXyAEM2AED6AEB-AEBiAIBqAIBuAK78OPGBsACAdICJDg2NTdiNzM2LTFhYTYtNDAzNC1hZmUyLWRiYzA1ZDFiZDJlN9gCAeACAQ&aid=304142&ucfs=1&arphpl=1&checkin=2025-11-03&checkout=2025-11-04&dest_id=-3715887&dest_type=city&group_adults=2&req_adults=2&no_rooms=1&group_children=0&req_children=0&hpos=11&hapos=305&sr_order=popularity&srpvid=7ee339dd707602b5&srepoch=1759479331&all_sr_blocks=297598007_0_2_1_0&highlighted_blocks=297598007_0_2_1_0&matching_block_id=297598007_0_2_1_0&sr_pri_blocks=297598007_0_2_1_0__287132553&from=searchresults
Hưng Long Hostel,442255,"Mon, Oct 6","Tue, Oct 7",7.7,0,Hue,147,Good,https://www.booking.com/hotel/vn/hung-long-hostel.html?label=gen173nr-10CAEoggI46AdIM1gEaPQBiAEBmAEzuAEXyAEM2AED6AEB-AEBiAIBqAIBuAK78OPGBsACAdICJDg2NTdiNzM2LTFhYTYtNDAzNC1hZmUyLWRiYzA1ZDFiZDJlN9gCAeACAQ&aid=304142&ucfs=1&arphpl=1&checkin=2025-10-06&checkout=2025-10-07&dest_id=-3715887&dest_type=city&group_adults=2&req_adults=2&no_rooms=1&group_children=0&req_children=0&hpos=12&hapos=306&sr_order=popularity&srpvid=7ee339dd707602b5&srepoch=1759479331&all_sr_blocks=444515601_135789237_2_0_0&highlighted_blocks=444515601_135789237_2_0_0&matching_block_id=444515601_135789237_2_0_0&sr_pri_blocks=444515601_135789237_2_0_0__30957900&from=searchresults
PU Homestay,254742,"Mon, Oct 6","Tue, Oct 7",,0,Hue,3,Exceptional,https://www.booking.com/hotel/vn/pu-homestay.html?label=gen173nr-10CAEoggI46AdIM1gEaPQBiAEBmAEzuAEXyAEM2AED6AEB-AEBiAIBqAIBuAK78OPGBsACAdICJDg2NTdiNzM2LTFhYTYtNDAzNC1hZmUyLWRiYzA1ZDFiZDJlN9gCAeACAQ&aid=304142&ucfs=1&arphpl=1&checkin=2025-10-06&checkout=2025-10-07&dest_id=-3715887&dest_type=city&group_adults=2&req_adults=2&no_rooms=1&group_children=0&req_children=0&hpos=13&hapos=307&sr_order=popularity&srpvid=7ee339dd707602b5&srepoch=1759479331&all_sr_blocks=1326325201_0_2_0_0&highlighted_blocks=1326325201_0_2_0_0&matching_block_id=1326325201_0_2_0_0&sr_pri_blocks=1326325201_0_2_0_0__25474204&from=searchresults
Dreams Homestay with Full Kitchen & Big Lounge,1275000,"Mon, Oct 6","Tue, Oct 7",,0,Hue,,N/A,https://www.booking.com/hotel/vn/dream-homestay-thanh-pho-hue.html?label=gen173nr-10CAEoggI46AdIM1gEaPQBiAEBmAEzuAEXyAEM2AED6AEB-AEBiAIBqAIBuAK78OPGBsACAdICJDg2NTdiNzM2LTFhYTYtNDAzNC1hZmUyLWRiYzA1ZDFiZDJlN9gCAeACAQ&aid=304142&ucfs=1&arphpl=1&checkin=2025-10-06&checkout=2025-10-07&dest_id=-3715887&dest_type=city&group_adults=2&req_adults=2&no_rooms=1&group_children=0&req_children=0&hpos=14&hapos=308&sr_order=popularity&srpvid=7ee339dd707602b5&srepoch=1759479331&all_sr_blocks=1488889601_420540959_2_0_0&highlighted_blocks=1488889601_420540959_2_0_0&matching_block_id=1488889601_420540959_2_0_0&sr_pri_blocks=1488889601_420540959_2_0_0__102000000&from=searchresults
Orchid Hotel,667609,"Mon, Oct 6","Tue, Oct 7",8.7,3,Hue,778,Excellent,https://www.booking.com/hotel/vn/orchid-hue-city.html?label=gen173nr-10CAEoggI46AdIM1gEaPQBiAEBmAEzuAEXyAEM2AED6AEB-AEBiAIBqAIBuAK78OPGBsACAdICJDg2NTdiNzM2LTFhYTYtNDAzNC1hZmUyLWRiYzA1ZDFiZDJlN9gCAeACAQ&aid=304142&ucfs=1&arphpl=1&checkin=2025-10-06&checkout=2025-10-07&dest_id=-3715887&dest_type=city&group_adults=2&req_adults=2&no_rooms=1&group_children=0&req_children=0&hpos=15&hapos=309&sr_order=popularity&srpvid=7ee339dd707602b5&srepoch=1759479331&all_sr_blocks=25084705_0_2_1_0&highlighted_blocks=25084705_0_2_1_0&matching_block_id=25084705_0_2_1_0&sr_pri_blocks=25084705_0_2_1_0__66760892&from=searchresults
Villa Hue Hotel,958516,"Mon, Oct 6","Tue, Oct 7",8.5,4,Hue,155,Very Good,https://www.booking.com/hotel/vn/villa-hue.html?label=gen173nr-10CAEoggI46AdIM1gEaPQBiAEBmAEzuAEXyAEM2AED6AEB-AEBiAIBqAIBuAK78OPGBsACAdICJDg2NTdiNzM2LTFhYTYtNDAzNC1hZmUyLWRiYzA1ZDFiZDJlN9gCAeACAQ&aid=304142&ucfs=1&arphpl=1&checkin=2025-10-06&checkout=2025-10-07&dest_id=-3715887&dest_type=city&group_adults=2&req_adults=2&no_rooms=1&group_children=0&req_children=0&hpos=16&hapos=310&sr_order=popularity&srpvid=7ee339dd707602b5&srepoch=1759479331&all_sr_blocks=0_0_2_0_0&highlighted_blocks=0_0_2_0_0&matching_block_id=0_0_2_0_0&sr_pri_blocks=0_0_2_0_0__95851641&from=searchresults
Amy Apartment Hue,494173,"Mon, Oct 6","Tue, Oct 7",8.8,4,Hue,94,Excellent,https://www.booking.com/hotel/vn/amy-apartment-hue.html?label=gen173nr-10CAEoggI46AdIM1gEaPQBiAEBmAEzuAEXyAEM2AED6AEB-AEBiAIBqAIBuAK78OPGBsACAdICJDg2NTdiNzM2LTFhYTYtNDAzNC1hZmUyLWRiYzA1ZDFiZDJlN9gCAeACAQ&aid=304142&ucfs=1&arphpl=1&checkin=2025-10-06&checkout=2025-10-07&dest_id=-3715887&dest_type=city&group_adults=2&req_adults=2&no_rooms=1&group_children=0&req_children=0&hpos=17&hapos=311&sr_order=popularity&srpvid=7ee339dd707602b5&srepoch=1759479331&all_sr_blocks=888269307_0_2_0_0&highlighted_blocks=888269307_0_2_0_0&matching_block_id=888269307_0_2_0_0&sr_pri_blocks=888269307_0_2_0_0__49417315&from=searchresults
Tú Uyên Homestay,250000,"Mon, Oct 6","Tue, Oct 7",7.3,0,Hue,34,Good,https://www.booking.com/hotel/vn/tu-uyen-homestay.html?label=gen173nr-10CAEoggI46AdIM1gEaPQBiAEBmAEzuAEXyAEM2AED6AEB-AEBiAIBqAIBuAK78OPGBsACAdICJDg2NTdiNzM2LTFhYTYtNDAzNC1hZmUyLWRiYzA1ZDFiZDJlN9gCAeACAQ&aid=304142&ucfs=1&arphpl=1&checkin=2025-10-06&checkout=2025-10-07&dest_id=-3715887&dest_type=city&group_adults=2&req_adults=2&no_rooms=1&group_children=0&req_children=0&hpos=18&hapos=312&sr_order=popularity&srpvid=7ee339dd707602b5&srepoch=1759479331&all_sr_blocks=705518001_295376892_0_0_0&highlighted_blocks=705518001_295376892_0_0_0&matching_block_id=705518001_295376892_0_0_0&sr_pri_blocks=705518001_295376892_0_0_0__25000000&from=searchresults
The Sun Homestay,350000,"Mon, Oct 6","Tue, Oct 7",8.7,0,Hue,74,Excellent,https://www.booking.com/hotel/vn/the-sun-homestay-hue.html?label=gen173nr-10CAEoggI46AdIM1gEaPQBiAEBmAEzuAEXyAEM2AED6AEB-AEBiAIBqAIBuAK78OPGBsACAdICJDg2NTdiNzM2LTFhYTYtNDAzNC1hZmUyLWRiYzA1ZDFiZDJlN9gCAeACAQ&aid=304142&ucfs=1&arphpl=1&checkin=2025-10-06&checkout=2025-10-07&dest_id=-3715887&dest_type=city&group_adults=2&req_adults=2&no_rooms=1&group_children=0&req_children=0&hpos=19&hapos=313&sr_order=popularity&srpvid=7ee339dd707602b5&srepoch=1759479331&all_sr_blocks=524808801_184209351_2_0_0&highlighted_blocks=524808801_184209351_2_0_0&matching_block_id=524808801_184209351_2_0_0&sr_pri_blocks=524808801_184209351_2_0_0__35000000&from=searchresults
Tam Tinh Vien Homestay,650000,"Mon, Oct 6","Tue, Oct 7",9.5,3,Hue,286,Exceptional,https://www.booking.com/hotel/vn/tam-tinh-vien-homestay.html?label=gen173nr-10CAEoggI46AdIM1gEaPQBiAEBmAEzuAEXyAEM2AED6AEB-AEBiAIBqAIBuAK78OPGBsACAdICJDg2NTdiNzM2LTFhYTYtNDAzNC1hZmUyLWRiYzA1ZDFiZDJlN9gCAeACAQ&aid=304142&ucfs=1&arphpl=1&checkin=2025-10-06&checkout=2025-10-07&dest_id=-3715887&dest_type=city&group_adults=2&req_adults=2&no_rooms=1&group_children=0&req_children=0&hpos=20&hapos=314&sr_order=popularity&srpvid=7ee339dd707602b5&srepoch=1759479331&all_sr_blocks=41301105_371224165_2_41_0&highlighted_blocks=41301105_371224165_2_41_0&matching_block_id=41301105_371224165_2_41_0&sr_pri_blocks=41301105_371224165_2_41_0__65000000&from=searchresults
Cosy 2 Homestay,301731,"Mon, Oct 6","Tue, Oct 7",8.4,0,Hue,15,Very Good,https://www.booking.com/hotel/vn/cosy-2-homestay.html?label=gen173nr-10CAEoggI46AdIM1gEaPQBiAEBmAEzuAEXyAEM2AED6AEB-AEBiAIBqAIBuAK78OPGBsACAdICJDg2NTdiNzM2LTFhYTYtNDAzNC1hZmUyLWRiYzA1ZDFiZDJlN9gCAeACAQ&aid=304142&ucfs=1&arphpl=1&checkin=2025-10-06&checkout=2025-10-07&dest_id=-3715887&dest_type=city&group_adults=2&req_adults=2&no_rooms=1&group_children=0&req_children=0&hpos=21&hapos=315&sr_order=popularity&srpvid=7ee339dd707602b5&srepoch=1759479331&all_sr_blocks=1390476201_0_2_0_0&highlighted_blocks=1390476201_0_2_0_0&matching_block_id=1390476201_0_2_0_0&sr_pri_blocks=1390476201_0_2_0_0__30173072&from=searchresults
Rubis Hostel,330000,"Mon, Oct 6","Tue, Oct 7",8.8,0,Hue,131,Excellent,https://www.booking.com/hotel/vn/rubis-hostel.html?label=gen173nr-10CAEoggI46AdIM1gEaPQBiAEBmAEzuAEXyAEM2AED6AEB-AEBiAIBqAIBuAK78OPGBsACAdICJDg2NTdiNzM2LTFhYTYtNDAzNC1hZmUyLWRiYzA1ZDFiZDJlN9gCAeACAQ&aid=304142&ucfs=1&arphpl=1&checkin=2025-10-06&checkout=2025-10-07&dest_id=-3715887&dest_type=city&group_adults=2&req_adults=2&no_rooms=1&group_children=0&req_children=0&hpos=22&hapos=316&sr_order=popularity&srpvid=7ee339dd707602b5&srepoch=1759479331&all_sr_blocks=176885404_191328341_2_2_0&highlighted_blocks=176885404_191328341_2_2_0&matching_block_id=176885404_191328341_2_2_0&sr_pri_blocks=176885404_191328341_2_2_0__33000000&from=searchresults
Park View Hotel,946109,"Mon, Oct 6","Tue, Oct 7",8.1,4,Hue,22,Very Good,https://www.booking.com/hotel/vn/parkview.html?label=gen173nr-10CAEoggI46AdIM1gEaPQBiAEBmAEzuAEXyAEM2AED6AEB-AEBiAIBqAIBuAK78OPGBsACAdICJDg2NTdiNzM2LTFhYTYtNDAzNC1hZmUyLWRiYzA1ZDFiZDJlN9gCAeACAQ&aid=304142&ucfs=1&arphpl=1&checkin=2025-10-06&checkout=2025-10-07&dest_id=-3715887&dest_type=city&group_adults=2&req_adults=2&no_rooms=1&group_children=0&req_children=0&hpos=23&hapos=317&sr_order=popularity&srpvid=7ee339dd707602b5&srepoch=1759479331&all_sr_blocks=17744701_0_2_0_0&highlighted_blocks=17744701_0_2_0_0&matching_block_id=17744701_0_2_0_0&sr_pri_blocks=17744701_0_2_0_0__94610928&from=searchresults
TRUONG TIEN HOTEL,584191,"Mon, Oct 6","Tue, Oct 7",8.5,0,Hue,223,Very Good,https://www.booking.com/hotel/vn/truong-tien-thanh-pho-hue.html?label=gen173nr-10CAEoggI46AdIM1gEaPQBiAEBmAEzuAEXyAEM2AED6AEB-AEBiAIBqAIBuAK78OPGBsACAdICJDg2NTdiNzM2LTFhYTYtNDAzNC1hZmUyLWRiYzA1ZDFiZDJlN9gCAeACAQ&aid=304142&ucfs=1&arphpl=1&checkin=2025-10-06&checkout=2025-10-07&dest_id=-3715887&dest_type=city&group_adults=2&req_adults=2&no_rooms=1&group_children=0&req_children=0&hpos=24&hapos=318&sr_order=popularity&srpvid=7ee339dd707602b5&srepoch=1759479331&all_sr_blocks=977773801_0_2_0_0&highlighted_blocks=977773801_0_2_0_0&matching_block_id=977773801_0_2_0_0&sr_pri_blocks=977773801_0_2_0_0__58419081&from=searchresults
Olwen Villa Huế,2900000,"Mon, Oct 6","Tue, Oct 7",,0,Hue,2,Exceptional,https://www.booking.com/hotel/vn/olwen-villa-hue.html?label=gen173nr-10CAEoggI46AdIM1gEaPQBiAEBmAEzuAEXyAEM2AED6AEB-AEBiAIBqAIBuAK78OPGBsACAdICJDg2NTdiNzM2LTFhYTYtNDAzNC1hZmUyLWRiYzA1ZDFiZDJlN9gCAeACAQ&aid=304142&ucfs=1&arphpl=1&checkin=2025-10-06&checkout=2025-10-07&dest_id=-3715887&dest_type=city&group_adults=2&req_adults=2&no_rooms=1&group_children=0&req_children=0&hpos=25&hapos=319&sr_order=popularity&srpvid=7ee339dd707602b5&srepoch=1759479331&all_sr_blocks=1345133001_406862983_10_0_0&highlighted_blocks=1345133001_406862983_10_0_0&matching_block_id=1345133001_406862983_10_0_0&sr_pri_blocks=1345133001_406862983_10_0_0__290000000&from=searchresults
Paradies Homestay,419000,"Mon, Nov 3","Tue, Nov 4",9.0,3,Hue,31,Wonderful,https://www.booking.com/hotel/vn/paradies-home-amp-garden.html?label=gen173nr-10CAEoggI46AdIM1gEaPQBiAEBmAEzuAEXyAEM2AED6AEB-AEBiAIBqAIBuAK78OPGBsACAdICJDg2NTdiNzM2LTFhYTYtNDAzNC1hZmUyLWRiYzA1ZDFiZDJlN9gCAeACAQ&aid=304142&ucfs=1&arphpl=1&checkin=2025-11-03&checkout=2025-11-04&dest_id=-3715887&dest_type=city&group_adults=2&req_adults=2&no_rooms=1&group_children=0&req_children=0&hpos=1&hapos=320&sr_order=popularity&srpvid=7ee339dd707602b5&srepoch=1759479341&all_sr_blocks=1327318401_405327943_2_0_0&highlighted_blocks=1327318401_405327943_2_0_0&matching_block_id=1327318401_405327943_2_0_0&sr_pri_blocks=1327318401_405327943_2_0_0__37710000&from=searchresults
"Tom homestay, căn hộ Nera garden Huế",1272000,"Mon, Oct 6","Tue, Oct 7",9.1,4,Hue,76,Wonderful,https://www.booking.com/hotel/vn/tom-homestay-can-ho-nera-garden-hue.html?label=gen173nr-10CAEoggI46AdIM1gEaPQBiAEBmAEzuAEXyAEM2AED6AEB-AEBiAIBqAIBuAK78OPGBsACAdICJDg2NTdiNzM2LTFhYTYtNDAzNC1hZmUyLWRiYzA1ZDFiZDJlN9gCAeACAQ&aid=304142&ucfs=1&arphpl=1&checkin=2025-10-06&checkout=2025-10-07&dest_id=-3715887&dest_type=city&group_adults=2&req_adults=2&no_rooms=1&group_children=0&req_children=0&hpos=2&hapos=321&sr_order=popularity&srpvid=7ee339dd707602b5&srepoch=1759479341&all_sr_blocks=990800001_371976146_2_0_0&highlighted_blocks=990800001_371976146_2_0_0&matching_block_id=990800001_371976146_2_0_0&sr_pri_blocks=990800001_371976146_2_0_0__101760000&from=searchresults
Sline Hotel,500000,"Mon, Oct 6","Tue, Oct 7",9.1,1,Hue,106,Wonderful,https://www.booking.com/hotel/vn/sline-hue.html?label=gen173nr-10CAEoggI46AdIM1gEaPQBiAEBmAEzuAEXyAEM2AED6AEB-AEBiAIBqAIBuAK78OPGBsACAdICJDg2NTdiNzM2LTFhYTYtNDAzNC1hZmUyLWRiYzA1ZDFiZDJlN9gCAeACAQ&aid=304142&ucfs=1&arphpl=1&checkin=2025-10-06&checkout=2025-10-07&dest_id=-3715887&dest_type=city&group_adults=2&req_adults=2&no_rooms=1&group_children=0&req_children=0&hpos=3&hapos=322&sr_order=popularity&srpvid=7ee339dd707602b5&srepoch=1759479341&all_sr_blocks=681488601_278049489_2_0_0&highlighted_blocks=681488601_278049489_2_0_0&matching_block_id=681488601_278049489_2_0_0&sr_pri_blocks=681488601_278049489_2_0_0__50000000&from=searchresults
TN Hue Dorm,595000,"Mon, Oct 6","Tue, Oct 7",8.4,0,Hue,30,Very Good,https://www.booking.com/hotel/vn/tn-dorm.html?label=gen173nr-10CAEoggI46AdIM1gEaPQBiAEBmAEzuAEXyAEM2AED6AEB-AEBiAIBqAIBuAK78OPGBsACAdICJDg2NTdiNzM2LTFhYTYtNDAzNC1hZmUyLWRiYzA1ZDFiZDJlN9gCAeACAQ&aid=304142&ucfs=1&arphpl=1&checkin=2025-10-06&checkout=2025-10-07&dest_id=-3715887&dest_type=city&group_adults=2&req_adults=2&no_rooms=1&group_children=0&req_children=0&hpos=4&hapos=323&sr_order=popularity&srpvid=7ee339dd707602b5&srepoch=1759479341&all_sr_blocks=1322281103_404899596_1_0_0%2C1322281103_404899596_1_0_0&highlighted_blocks=1322281103_404899596_1_0_0%2C1322281103_404899596_1_0_0&matching_block_id=1322281103_404899596_1_0_0&sr_pri_blocks=1322281103_404899596_1_0_0__29750000%2C1322281103_404899596_1_0_0__29750000&from=searchresults
5H homestay,350000,"Mon, Oct 6","Tue, Oct 7",6.5,0,Hue,84,Review score,https://www.booking.com/hotel/vn/daisy-homestay-hue.html?label=gen173nr-10CAEoggI46AdIM1gEaPQBiAEBmAEzuAEXyAEM2AED6AEB-AEBiAIBqAIBuAK78OPGBsACAdICJDg2NTdiNzM2LTFhYTYtNDAzNC1hZmUyLWRiYzA1ZDFiZDJlN9gCAeACAQ&aid=304142&ucfs=1&arphpl=1&checkin=2025-10-06&checkout=2025-10-07&dest_id=-3715887&dest_type=city&group_adults=2&req_adults=2&no_rooms=1&group_children=0&req_children=0&hpos=5&hapos=324&sr_order=popularity&srpvid=7ee339dd707602b5&srepoch=1759479341&all_sr_blocks=518735006_299059936_2_2_0&highlighted_blocks=518735006_299059936_2_2_0&matching_block_id=518735006_299059936_2_2_0&sr_pri_blocks=518735006_299059936_2_2_0__35000000&from=searchresults
Tom's Homestay 2,425000,"Mon, Oct 20","Tue, Oct 21",,0,Hue,,N/A,https://www.booking.com/hotel/vn/toms-homestay-2.html?label=gen173nr-10CAEoggI46AdIM1gEaPQBiAEBmAEzuAEXyAEM2AED6AEB-AEBiAIBqAIBuAK78OPGBsACAdICJDg2NTdiNzM2LTFhYTYtNDAzNC1hZmUyLWRiYzA1ZDFiZDJlN9gCAeACAQ&aid=304142&ucfs=1&arphpl=1&checkin=2025-10-20&checkout=2025-10-21&dest_id=-3715887&dest_type=city&group_adults=2&req_adults=2&no_rooms=1&group_children=0&req_children=0&hpos=6&hapos=325&sr_order=popularity&srpvid=7ee339dd707602b5&srepoch=1759479341&all_sr_blocks=1485486001_420711407_2_0_0&highlighted_blocks=1485486001_420711407_2_0_0&matching_block_id=1485486001_420711407_2_0_0&sr_pri_blocks=1485486001_420711407_2_0_0__27625000&from=searchresults
HomesHue,600000,"Mon, Oct 6","Tue, Oct 7",8.8,4,Hue,45,Excellent,https://www.booking.com/hotel/vn/homestay123.html?label=gen173nr-10CAEoggI46AdIM1gEaPQBiAEBmAEzuAEXyAEM2AED6AEB-AEBiAIBqAIBuAK78OPGBsACAdICJDg2NTdiNzM2LTFhYTYtNDAzNC1hZmUyLWRiYzA1ZDFiZDJlN9gCAeACAQ&aid=304142&ucfs=1&arphpl=1&checkin=2025-10-06&checkout=2025-10-07&dest_id=-3715887&dest_type=city&group_adults=2&req_adults=2&no_rooms=1&group_children=0&req_children=0&hpos=7&hapos=326&sr_order=popularity&srpvid=7ee339dd707602b5&srepoch=1759479341&all_sr_blocks=934949001_387960778_2_0_0&highlighted_blocks=934949001_387960778_2_0_0&matching_block_id=934949001_387960778_2_0_0&sr_pri_blocks=934949001_387960778_2_0_0__60000000&from=searchresults
"Căn nhà có 5 phòng ngủ, đậu nhiều ô tô - Kenpj House",1550000,"Mon, Oct 6","Tue, Oct 7",8.2,4,Hue,5,Very Good,https://www.booking.com/hotel/vn/homestay-kenpi-nguyen-can-dau-nhieu-o-to.html?label=gen173nr-10CAEoggI46AdIM1gEaPQBiAEBmAEzuAEXyAEM2AED6AEB-AEBiAIBqAIBuAK78OPGBsACAdICJDg2NTdiNzM2LTFhYTYtNDAzNC1hZmUyLWRiYzA1ZDFiZDJlN9gCAeACAQ&aid=304142&ucfs=1&arphpl=1&checkin=2025-10-06&checkout=2025-10-07&dest_id=-3715887&dest_type=city&group_adults=2&req_adults=2&no_rooms=1&group_children=0&req_children=0&hpos=8&hapos=327&sr_order=popularity&srpvid=7ee339dd707602b5&srepoch=1759479341&all_sr_blocks=960002115_380731255_4_0_0&highlighted_blocks=960002115_380731255_4_0_0&matching_block_id=960002115_380731255_4_0_0&sr_pri_blocks=960002115_380731255_4_0_0__124000000&from=searchresults
DMZ Hostel,278764,"Mon, Oct 6","Tue, Oct 7",6.5,1,Hue,101,Review score,https://www.booking.com/hotel/vn/dmz-hostel-hue.html?label=gen173nr-10CAEoggI46AdIM1gEaPQBiAEBmAEzuAEXyAEM2AED6AEB-AEBiAIBqAIBuAK78OPGBsACAdICJDg2NTdiNzM2LTFhYTYtNDAzNC1hZmUyLWRiYzA1ZDFiZDJlN9gCAeACAQ&aid=304142&ucfs=1&arphpl=1&checkin=2025-10-06&checkout=2025-10-07&dest_id=-3715887&dest_type=city&group_adults=2&req_adults=2&no_rooms=1&group_children=0&req_children=0&hpos=9&hapos=328&sr_order=popularity&srpvid=7ee339dd707602b5&srepoch=1759479341&all_sr_blocks=545731103_0_2_0_0&highlighted_blocks=545731103_0_2_0_0&matching_block_id=545731103_0_2_0_0&sr_pri_blocks=545731103_0_2_0_0__27876434&from=searchresults
Nguyễn hưng homestay,1190000,"Mon, Oct 6","Tue, Oct 7",9.0,0,Hue,2,Wonderful,https://www.booking.com/hotel/vn/nguyen-hung-homestay-hue.html?label=gen173nr-10CAEoggI46AdIM1gEaPQBiAEBmAEzuAEXyAEM2AED6AEB-AEBiAIBqAIBuAK78OPGBsACAdICJDg2NTdiNzM2LTFhYTYtNDAzNC1hZmUyLWRiYzA1ZDFiZDJlN9gCAeACAQ&aid=304142&ucfs=1&arphpl=1&checkin=2025-10-06&checkout=2025-10-07&dest_id=-3715887&dest_type=city&group_adults=2&req_adults=2&no_rooms=1&group_children=0&req_children=0&hpos=10&hapos=329&sr_order=popularity&srpvid=7ee339dd707602b5&srepoch=1759479341&all_sr_blocks=1424040803_414026410_5_0_0&highlighted_blocks=1424040803_414026410_5_0_0&matching_block_id=1424040803_414026410_5_0_0&sr_pri_blocks=1424040803_414026410_5_0_0__119000000&from=searchresults
"Tobe in Hue 2 - Cozy, modern apartment 2 Beds have gym, pool free",900000,"Mon, Oct 6","Tue, Oct 7",8.7,4,Hue,11,Excellent,https://www.booking.com/hotel/vn/cozy-moder-apartment-in-hue-2br.html?label=gen173nr-10CAEoggI46AdIM1gEaPQBiAEBmAEzuAEXyAEM2AED6AEB-AEBiAIBqAIBuAK78OPGBsACAdICJDg2NTdiNzM2LTFhYTYtNDAzNC1hZmUyLWRiYzA1ZDFiZDJlN9gCAeACAQ&aid=304142&ucfs=1&arphpl=1&checkin=2025-10-06&checkout=2025-10-07&dest_id=-3715887&dest_type=city&group_adults=2&req_adults=2&no_rooms=1&group_children=0&req_children=0&hpos=11&hapos=330&sr_order=popularity&srpvid=7ee339dd707602b5&srepoch=1759479341&all_sr_blocks=1292749101_402671110_2_0_0&highlighted_blocks=1292749101_402671110_2_0_0&matching_block_id=1292749101_402671110_2_0_0&sr_pri_blocks=1292749101_402671110_2_0_0__76500000&from=searchresults
Amy Hotel Huế,285628,"Mon, Oct 6","Tue, Oct 7",8.6,2,Hue,31,Excellent,https://www.booking.com/hotel/vn/amy-hue.html?label=gen173nr-10CAEoggI46AdIM1gEaPQBiAEBmAEzuAEXyAEM2AED6AEB-AEBiAIBqAIBuAK78OPGBsACAdICJDg2NTdiNzM2LTFhYTYtNDAzNC1hZmUyLWRiYzA1ZDFiZDJlN9gCAeACAQ&aid=304142&ucfs=1&arphpl=1&checkin=2025-10-06&checkout=2025-10-07&dest_id=-3715887&dest_type=city&group_adults=2&req_adults=2&no_rooms=1&group_children=0&req_children=0&hpos=12&hapos=331&sr_order=popularity&srpvid=7ee339dd707602b5&srepoch=1759479341&all_sr_blocks=1322286501_0_2_0_0&highlighted_blocks=1322286501_0_2_0_0&matching_block_id=1322286501_0_2_0_0&sr_pri_blocks=1322286501_0_2_0_0__28562786&from=searchresults
Chi Homestay Nera Garden Huế,1151280,"Mon, Oct 6","Tue, Oct 7",9.1,4,Hue,37,Wonderful,https://www.booking.com/hotel/vn/bong-homestay-thanh-pho-hue.html?label=gen173nr-10CAEoggI46AdIM1gEaPQBiAEBmAEzuAEXyAEM2AED6AEB-AEBiAIBqAIBuAK78OPGBsACAdICJDg2NTdiNzM2LTFhYTYtNDAzNC1hZmUyLWRiYzA1ZDFiZDJlN9gCAeACAQ&aid=304142&ucfs=1&arphpl=1&checkin=2025-10-06&checkout=2025-10-07&dest_id=-3715887&dest_type=city&group_adults=2&req_adults=2&no_rooms=1&group_children=0&req_children=0&hpos=13&hapos=332&sr_order=popularity&srpvid=7ee339dd707602b5&srepoch=1759479341&all_sr_blocks=1062084301_378539481_2_0_0&highlighted_blocks=1062084301_378539481_2_0_0&matching_block_id=1062084301_378539481_2_0_0&sr_pri_blocks=1062084301_378539481_2_0_0__115128000&from=searchresults
Hue Crown Boutique best hotel,470400,"Mon, Dec 15","Tue, Dec 16",7.7,0,Hue,3,Good,https://www.booking.com/hotel/vn/hue-crown-boutique-best.html?label=gen173nr-10CAEoggI46AdIM1gEaPQBiAEBmAEzuAEXyAEM2AED6AEB-AEBiAIBqAIBuAK78OPGBsACAdICJDg2NTdiNzM2LTFhYTYtNDAzNC1hZmUyLWRiYzA1ZDFiZDJlN9gCAeACAQ&aid=304142&ucfs=1&arphpl=1&checkin=2025-12-15&checkout=2025-12-16&dest_id=-3715887&dest_type=city&group_adults=2&req_adults=2&no_rooms=1&group_children=0&req_children=0&hpos=14&hapos=333&sr_order=popularity&srpvid=7ee339dd707602b5&srepoch=1759479341&all_sr_blocks=618174318_379876712_3_2_0&highlighted_blocks=618174318_379876712_3_2_0&matching_block_id=618174318_379876712_3_2_0&sr_pri_blocks=618174318_379876712_3_2_0__47040000&from=searchresults
Kota's House Homestay,400000,"Mon, Oct 6","Tue, Oct 7",9.3,0,Hue,179,Wonderful,https://www.booking.com/hotel/vn/kotas-house.html?label=gen173nr-10CAEoggI46AdIM1gEaPQBiAEBmAEzuAEXyAEM2AED6AEB-AEBiAIBqAIBuAK78OPGBsACAdICJDg2NTdiNzM2LTFhYTYtNDAzNC1hZmUyLWRiYzA1ZDFiZDJlN9gCAeACAQ&aid=304142&ucfs=1&arphpl=1&checkin=2025-10-06&checkout=2025-10-07&dest_id=-3715887&dest_type=city&group_adults=2&req_adults=2&no_rooms=1&group_children=0&req_children=0&hpos=15&hapos=334&sr_order=popularity&srpvid=7ee339dd707602b5&srepoch=1759479341&all_sr_blocks=458664701_266046340_0_0_0&highlighted_blocks=458664701_266046340_0_0_0&matching_block_id=458664701_266046340_0_0_0&sr_pri_blocks=458664701_266046340_0_0_0__40000000&from=searchresults
"Kenpi Garden Homestay - NGUYÊN CĂN, đậu nhiều ô tô",1500000,"Mon, Oct 6","Tue, Oct 7",8.1,4,Hue,37,Very Good,https://www.booking.com/hotel/vn/kenpi-homestay.html?label=gen173nr-10CAEoggI46AdIM1gEaPQBiAEBmAEzuAEXyAEM2AED6AEB-AEBiAIBqAIBuAK78OPGBsACAdICJDg2NTdiNzM2LTFhYTYtNDAzNC1hZmUyLWRiYzA1ZDFiZDJlN9gCAeACAQ&aid=304142&ucfs=1&arphpl=1&checkin=2025-10-06&checkout=2025-10-07&dest_id=-3715887&dest_type=city&group_adults=2&req_adults=2&no_rooms=1&group_children=0&req_children=0&hpos=16&hapos=335&sr_order=popularity&srpvid=7ee339dd707602b5&srepoch=1759479341&all_sr_blocks=839630501_359584399_4_0_0&highlighted_blocks=839630501_359584399_4_0_0&matching_block_id=839630501_359584399_4_0_0&sr_pri_blocks=839630501_359584399_4_0_0__120000000&from=searchresults
Cosy Homestay Huế,897600,"Mon, Oct 6","Tue, Oct 7",6.3,0,Hue,12,Review score,https://www.booking.com/hotel/vn/cozy-homestay-thanh-pho-hue.html?label=gen173nr-10CAEoggI46AdIM1gEaPQBiAEBmAEzuAEXyAEM2AED6AEB-AEBiAIBqAIBuAK78OPGBsACAdICJDg2NTdiNzM2LTFhYTYtNDAzNC1hZmUyLWRiYzA1ZDFiZDJlN9gCAeACAQ&aid=304142&ucfs=1&arphpl=1&checkin=2025-10-06&checkout=2025-10-07&dest_id=-3715887&dest_type=city&group_adults=2&req_adults=2&no_rooms=1&group_children=0&req_children=0&hpos=17&hapos=336&sr_order=popularity&srpvid=7ee339dd707602b5&srepoch=1759479341&all_sr_blocks=1343413802_411676236_2_0_0&highlighted_blocks=1343413802_411676236_2_0_0&matching_block_id=1343413802_411676236_2_0_0&sr_pri_blocks=1343413802_411676236_2_0_0__30518400&from=searchresults
Gạo Homestay-Hue,320000,"Mon, Oct 6","Tue, Oct 7",,0,Hue,,Exceptional,https://www.booking.com/hotel/vn/gao-homestay-hue.html?label=gen173nr-10CAEoggI46AdIM1gEaPQBiAEBmAEzuAEXyAEM2AED6AEB-AEBiAIBqAIBuAK78OPGBsACAdICJDg2NTdiNzM2LTFhYTYtNDAzNC1hZmUyLWRiYzA1ZDFiZDJlN9gCAeACAQ&aid=304142&ucfs=1&arphpl=1&checkin=2025-10-06&checkout=2025-10-07&dest_id=-3715887&dest_type=city&group_adults=2&req_adults=2&no_rooms=1&group_children=0&req_children=0&hpos=18&hapos=337&sr_order=popularity&srpvid=7ee339dd707602b5&srepoch=1759479341&all_sr_blocks=1488911703_420546226_2_0_0&highlighted_blocks=1488911703_420546226_2_0_0&matching_block_id=1488911703_420546226_2_0_0&sr_pri_blocks=1488911703_420546226_2_0_0__32000000&from=searchresults
Mint Homestay,350000,"Mon, Oct 6","Tue, Oct 7",7.2,0,Hue,39,Good,https://www.booking.com/hotel/vn/mint-homestay-hue.html?label=gen173nr-10CAEoggI46AdIM1gEaPQBiAEBmAEzuAEXyAEM2AED6AEB-AEBiAIBqAIBuAK78OPGBsACAdICJDg2NTdiNzM2LTFhYTYtNDAzNC1hZmUyLWRiYzA1ZDFiZDJlN9gCAeACAQ&aid=304142&ucfs=1&arphpl=1&checkin=2025-10-06&checkout=2025-10-07&dest_id=-3715887&dest_type=city&group_adults=2&req_adults=2&no_rooms=1&group_children=0&req_children=0&hpos=19&hapos=338&sr_order=popularity&srpvid=7ee339dd707602b5&srepoch=1759479341&all_sr_blocks=1220279802_394180207_0_2_0&highlighted_blocks=1220279802_394180207_0_2_0&matching_block_id=1220279802_394180207_0_2_0&sr_pri_blocks=1220279802_394180207_0_2_0__35000000&from=searchresults
KENZPIA Homestay,330000,"Mon, Oct 6","Tue, Oct 7",,0,Hue,3,Exceptional,https://www.booking.com/hotel/vn/kempia-homestay.html?label=gen173nr-10CAEoggI46AdIM1gEaPQBiAEBmAEzuAEXyAEM2AED6AEB-AEBiAIBqAIBuAK78OPGBsACAdICJDg2NTdiNzM2LTFhYTYtNDAzNC1hZmUyLWRiYzA1ZDFiZDJlN9gCAeACAQ&aid=304142&ucfs=1&arphpl=1&checkin=2025-10-06&checkout=2025-10-07&dest_id=-3715887&dest_type=city&group_adults=2&req_adults=2&no_rooms=1&group_children=0&req_children=0&hpos=20&hapos=339&sr_order=popularity&srpvid=7ee339dd707602b5&srepoch=1759479341&all_sr_blocks=1076055623_389320235_2_0_0&highlighted_blocks=1076055623_389320235_2_0_0&matching_block_id=1076055623_389320235_2_0_0&sr_pri_blocks=1076055623_389320235_2_0_0__26400000&from=searchresults
ONA HOME - Entire Hue-styled garden house nearby a pine hill,3130240,"Mon, Oct 6","Tue, Oct 7",9.0,4,Hue,2,Wonderful,https://www.booking.com/hotel/vn/ona-home-entire-hue-styled-garden-house-nearby-a-pine-hill.html?label=gen173nr-10CAEoggI46AdIM1gEaPQBiAEBmAEzuAEXyAEM2AED6AEB-AEBiAIBqAIBuAK78OPGBsACAdICJDg2NTdiNzM2LTFhYTYtNDAzNC1hZmUyLWRiYzA1ZDFiZDJlN9gCAeACAQ&aid=304142&ucfs=1&arphpl=1&checkin=2025-10-06&checkout=2025-10-07&dest_id=-3715887&dest_type=city&group_adults=2&req_adults=2&no_rooms=1&group_children=0&req_children=0&hpos=21&hapos=340&sr_order=popularity&srpvid=7ee339dd707602b5&srepoch=1759479341&all_sr_blocks=1079550001_389213477_4_0_0&highlighted_blocks=1079550001_389213477_4_0_0&matching_block_id=1079550001_389213477_4_0_0&sr_pri_blocks=1079550001_389213477_4_0_0__225377300&from=searchresults
OPA HOTEL HUE,373500,"Mon, Oct 6","Tue, Oct 7",8.5,2,Hue,27,Very Good,https://www.booking.com/hotel/vn/opa-hue.html?label=gen173nr-10CAEoggI46AdIM1gEaPQBiAEBmAEzuAEXyAEM2AED6AEB-AEBiAIBqAIBuAK78OPGBsACAdICJDg2NTdiNzM2LTFhYTYtNDAzNC1hZmUyLWRiYzA1ZDFiZDJlN9gCAeACAQ&aid=304142&ucfs=1&arphpl=1&checkin=2025-10-06&checkout=2025-10-07&dest_id=-3715887&dest_type=city&group_adults=2&req_adults=2&no_rooms=1&group_children=0&req_children=0&hpos=22&hapos=341&sr_order=popularity&srpvid=7ee339dd707602b5&srepoch=1759479341&all_sr_blocks=1174628701_404236648_2_0_0&highlighted_blocks=1174628701_404236648_2_0_0&matching_block_id=1174628701_404236648_2_0_0&sr_pri_blocks=1174628701_404236648_2_0_0__37350000&from=searchresults
Thanh An Homestay&Guesthouse,1460000,"Mon, Oct 6","Tue, Oct 7",8.0,3,Hue,20,Very Good,https://www.booking.com/hotel/vn/thanh-an-homestay-amp-guesthouse.html?label=gen173nr-10CAEoggI46AdIM1gEaPQBiAEBmAEzuAEXyAEM2AED6AEB-AEBiAIBqAIBuAK78OPGBsACAdICJDg2NTdiNzM2LTFhYTYtNDAzNC1hZmUyLWRiYzA1ZDFiZDJlN9gCAeACAQ&aid=304142&ucfs=1&arphpl=1&checkin=2025-10-06&checkout=2025-10-07&dest_id=-3715887&dest_type=city&group_adults=2&req_adults=2&no_rooms=1&group_children=0&req_children=0&hpos=23&hapos=342&sr_order=popularity&srpvid=7ee339dd707602b5&srepoch=1759479341&all_sr_blocks=1098196001_382692479_2_0_0_556907&highlighted_blocks=1098196001_382692479_2_0_0_556907&matching_block_id=1098196001_382692479_2_0_0_556907&sr_pri_blocks=1098196001_382692479_2_0_0_556907_49640000&from=searchresults
Trạm Homie Villa & Garden- Venuestay,4029000,"Mon, Oct 6","Tue, Oct 7",,3,Hue,,N/A,https://www.booking.com/hotel/vn/tram-homie-villa-amp-garden-venuestay.html?label=gen173nr-10CAEoggI46AdIM1gEaPQBiAEBmAEzuAEXyAEM2AED6AEB-AEBiAIBqAIBuAK78OPGBsACAdICJDg2NTdiNzM2LTFhYTYtNDAzNC1hZmUyLWRiYzA1ZDFiZDJlN9gCAeACAQ&aid=304142&ucfs=1&arphpl=1&checkin=2025-10-06&checkout=2025-10-07&dest_id=-3715887&dest_type=city&group_adults=2&req_adults=2&no_rooms=1&group_children=0&req_children=0&hpos=24&hapos=343&sr_order=popularity&srpvid=7ee339dd707602b5&srepoch=1759479341&all_sr_blocks=1466214801_417951051_8_0_0&highlighted_blocks=1466214801_417951051_8_0_0&matching_block_id=1466214801_417951051_8_0_0&sr_pri_blocks=1466214801_417951051_8_0_0__217566000&from=searchresults
LaLa Apartment 2,613800,"Mon, Oct 20","Tue, Oct 21",8.0,4,Hue,7,Very Good,https://www.booking.com/hotel/vn/lala-apartment-2.html?label=gen173nr-10CAEoggI46AdIM1gEaPQBiAEBmAEzuAEXyAEM2AED6AEB-AEBiAIBqAIBuAK78OPGBsACAdICJDg2NTdiNzM2LTFhYTYtNDAzNC1hZmUyLWRiYzA1ZDFiZDJlN9gCAeACAQ&aid=304142&ucfs=1&arphpl=1&checkin=2025-10-20&checkout=2025-10-21&dest_id=-3715887&dest_type=city&group_adults=2&req_adults=2&no_rooms=1&group_children=0&req_children=0&hpos=25&hapos=344&sr_order=popularity&srpvid=7ee339dd707602b5&srepoch=1759479341&all_sr_blocks=1280487301_400964430_2_0_0&highlighted_blocks=1280487301_400964430_2_0_0&matching_block_id=1280487301_400964430_2_0_0&sr_pri_blocks=1280487301_400964430_2_0_0__61380000&from=searchresults
PucPu Homestay,382500,"Mon, Oct 6","Tue, Oct 7",4.0,0,Hue,,Review score,https://www.booking.com/hotel/vn/pucpu-homestay.html?label=gen173nr-10CAEoggI46AdIM1gEaPQBiAEBmAEzuAEXyAEM2AED6AEB-AEBiAIBqAIBuAK78OPGBsACAdICJDg2NTdiNzM2LTFhYTYtNDAzNC1hZmUyLWRiYzA1ZDFiZDJlN9gCAeACAQ&aid=304142&ucfs=1&arphpl=1&checkin=2025-10-06&checkout=2025-10-07&dest_id=-3715887&dest_type=city&group_adults=2&req_adults=2&no_rooms=1&group_children=0&req_children=0&hpos=1&hapos=345&sr_order=popularity&srpvid=7ee339dd707602b5&srepoch=1759479351&all_sr_blocks=1211253701_393294395_2_2_0&highlighted_blocks=1211253701_393294395_2_2_0&matching_block_id=1211253701_393294395_2_2_0&sr_pri_blocks=1211253701_393294395_2_2_0__38250000&from=searchresults
Ivy house,432000,"Mon, Oct 6","Tue, Oct 7",8.1,3,Hue,79,Very Good,https://www.booking.com/hotel/vn/ivy-house-thanh-pho-hue.html?label=gen173nr-10CAEoggI46AdIM1gEaPQBiAEBmAEzuAEXyAEM2AED6AEB-AEBiAIBqAIBuAK78OPGBsACAdICJDg2NTdiNzM2LTFhYTYtNDAzNC1hZmUyLWRiYzA1ZDFiZDJlN9gCAeACAQ&aid=304142&ucfs=1&arphpl=1&checkin=2025-10-06&checkout=2025-10-07&dest_id=-3715887&dest_type=city&group_adults=2&req_adults=2&no_rooms=1&group_children=0&req_children=0&hpos=2&hapos=346&sr_order=popularity&srpvid=7ee339dd707602b5&srepoch=1759479351&all_sr_blocks=724756702_346676339_2_0_0&highlighted_blocks=724756702_346676339_2_0_0&matching_block_id=724756702_346676339_2_0_0&sr_pri_blocks=724756702_346676339_2_0_0__43200000&from=searchresults
Tom's Homestay Huế,312818,"Mon, Oct 6","Tue, Oct 7",,0,Hue,,N/A,https://www.booking.com/hotel/vn/toms-homestay-hue.html?label=gen173nr-10CAEoggI46AdIM1gEaPQBiAEBmAEzuAEXyAEM2AED6AEB-AEBiAIBqAIBuAK78OPGBsACAdICJDg2NTdiNzM2LTFhYTYtNDAzNC1hZmUyLWRiYzA1ZDFiZDJlN9gCAeACAQ&aid=304142&ucfs=1&arphpl=1&checkin=2025-10-06&checkout=2025-10-07&dest_id=-3715887&dest_type=city&group_adults=2&req_adults=2&no_rooms=1&group_children=0&req_children=0&hpos=3&hapos=347&sr_order=popularity&srpvid=7ee339dd707602b5&srepoch=1759479351&all_sr_blocks=1436867202_0_2_0_0&highlighted_blocks=1436867202_0_2_0_0&matching_block_id=1436867202_0_2_0_0&sr_pri_blocks=1436867202_0_2_0_0__31281794&from=searchresults
EVA Hotel,310000,"Mon, Oct 6","Tue, Oct 7",8.9,3,Hue,207,Excellent,https://www.booking.com/hotel/vn/hue-eva-homestay.html?label=gen173nr-10CAEoggI46AdIM1gEaPQBiAEBmAEzuAEXyAEM2AED6AEB-AEBiAIBqAIBuAK78OPGBsACAdICJDg2NTdiNzM2LTFhYTYtNDAzNC1hZmUyLWRiYzA1ZDFiZDJlN9gCAeACAQ&aid=304142&ucfs=1&arphpl=1&checkin=2025-10-06&checkout=2025-10-07&dest_id=-3715887&dest_type=city&group_adults=2&req_adults=2&no_rooms=1&group_children=0&req_children=0&hpos=4&hapos=348&sr_order=popularity&srpvid=7ee339dd707602b5&srepoch=1759479351&all_sr_blocks=580437501_353590714_2_10_0&highlighted_blocks=580437501_353590714_2_10_0&matching_block_id=580437501_353590714_2_10_0&sr_pri_blocks=580437501_353590714_2_10_0__31000000&from=searchresults
Eden Hue Hotel,1900000,"Mon, Oct 6","Tue, Oct 7",8.6,0,Hue,60,Excellent,https://www.booking.com/hotel/vn/carnosa-hue.html?label=gen173nr-10CAEoggI46AdIM1gEaPQBiAEBmAEzuAEXyAEM2AED6AEB-AEBiAIBqAIBuAK78OPGBsACAdICJDg2NTdiNzM2LTFhYTYtNDAzNC1hZmUyLWRiYzA1ZDFiZDJlN9gCAeACAQ&aid=304142&ucfs=1&arphpl=1&checkin=2025-10-06&checkout=2025-10-07&dest_id=-3715887&dest_type=city&group_adults=2&req_adults=2&no_rooms=1&group_children=0&req_children=0&hpos=5&hapos=349&sr_order=popularity&srpvid=7ee339dd707602b5&srepoch=1759479351&all_sr_blocks=262746437_405030414_0_1_0&highlighted_blocks=262746437_405030414_0_1_0&matching_block_id=262746437_405030414_0_1_0&sr_pri_blocks=262746437_405030414_0_1_0__100700000&from=searchresults
Hoa ban Homestay,270000,"Mon, Oct 6","Tue, Oct 7",6.9,0,Hue,70,Review score,https://www.booking.com/hotel/vn/hoa-ban-homestay-hue.html?label=gen173nr-10CAEoggI46AdIM1gEaPQBiAEBmAEzuAEXyAEM2AED6AEB-AEBiAIBqAIBuAK78OPGBsACAdICJDg2NTdiNzM2LTFhYTYtNDAzNC1hZmUyLWRiYzA1ZDFiZDJlN9gCAeACAQ&aid=304142&ucfs=1&arphpl=1&checkin=2025-10-06&checkout=2025-10-07&dest_id=-3715887&dest_type=city&group_adults=2&req_adults=2&no_rooms=1&group_children=0&req_children=0&hpos=6&hapos=350&sr_order=popularity&srpvid=7ee339dd707602b5&srepoch=1759479351&all_sr_blocks=968623201_369287774_2_0_0&highlighted_blocks=968623201_369287774_2_0_0&matching_block_id=968623201_369287774_2_0_0&sr_pri_blocks=968623201_369287774_2_0_0__27000000&from=searchresults
Hill Bungalow,253315,"Mon, Oct 6","Tue, Oct 7",8.4,0,Hue,38,Very Good,https://www.booking.com/hotel/vn/hill-bungalow.html?label=gen173nr-10CAEoggI46AdIM1gEaPQBiAEBmAEzuAEXyAEM2AED6AEB-AEBiAIBqAIBuAK78OPGBsACAdICJDg2NTdiNzM2LTFhYTYtNDAzNC1hZmUyLWRiYzA1ZDFiZDJlN9gCAeACAQ&aid=304142&ucfs=1&arphpl=1&checkin=2025-10-06&checkout=2025-10-07&dest_id=-3715887&dest_type=city&group_adults=2&req_adults=2&no_rooms=1&group_children=0&req_children=0&hpos=7&hapos=351&sr_order=popularity&srpvid=7ee339dd707602b5&srepoch=1759479351&all_sr_blocks=399921804_417156676_0_2_0&highlighted_blocks=399921804_417156676_0_2_0&matching_block_id=399921804_417156676_0_2_0&sr_pri_blocks=399921804_417156676_0_2_0__25331500&from=searchresults
Hue 1962 INN,665100,"Mon, Oct 6","Tue, Oct 7",8.6,0,Hue,131,Excellent,https://www.booking.com/hotel/vn/1962-inn.html?label=gen173nr-10CAEoggI46AdIM1gEaPQBiAEBmAEzuAEXyAEM2AED6AEB-AEBiAIBqAIBuAK78OPGBsACAdICJDg2NTdiNzM2LTFhYTYtNDAzNC1hZmUyLWRiYzA1ZDFiZDJlN9gCAeACAQ&aid=304142&ucfs=1&arphpl=1&checkin=2025-10-06&checkout=2025-10-07&dest_id=-3715887&dest_type=city&group_adults=2&req_adults=2&no_rooms=1&group_children=0&req_children=0&hpos=8&hapos=352&sr_order=popularity&srpvid=7ee339dd707602b5&srepoch=1759479351&all_sr_blocks=589636603_422021426_2_1_0&highlighted_blocks=589636603_422021426_2_1_0&matching_block_id=589636603_422021426_2_1_0&sr_pri_blocks=589636603_422021426_2_1_0__66510000&from=searchresults
Vân Kì 2,673200,"Mon, Oct 6","Tue, Oct 7",,0,Hue,,N/A,https://www.booking.com/hotel/vn/2-bedroom-apartement.html?label=gen173nr-10CAEoggI46AdIM1gEaPQBiAEBmAEzuAEXyAEM2AED6AEB-AEBiAIBqAIBuAK78OPGBsACAdICJDg2NTdiNzM2LTFhYTYtNDAzNC1hZmUyLWRiYzA1ZDFiZDJlN9gCAeACAQ&aid=304142&ucfs=1&arphpl=1&checkin=2025-10-06&checkout=2025-10-07&dest_id=-3715887&dest_type=city&group_adults=2&req_adults=2&no_rooms=1&group_children=0&req_children=0&hpos=9&hapos=353&sr_order=popularity&srpvid=7ee339dd707602b5&srepoch=1759479351&all_sr_blocks=1481908301_419686113_2_0_0&highlighted_blocks=1481908301_419686113_2_0_0&matching_block_id=1481908301_419686113_2_0_0&sr_pri_blocks=1481908301_419686113_2_0_0__60588000&from=searchresults
T&T Homestay Hue,980000,"Mon, Oct 6","Tue, Oct 7",9.4,0,Hue,7,Wonderful,https://www.booking.com/hotel/vn/t-amp-t-homestay-hue.html?label=gen173nr-10CAEoggI46AdIM1gEaPQBiAEBmAEzuAEXyAEM2AED6AEB-AEBiAIBqAIBuAK78OPGBsACAdICJDg2NTdiNzM2LTFhYTYtNDAzNC1hZmUyLWRiYzA1ZDFiZDJlN9gCAeACAQ&aid=304142&ucfs=1&arphpl=1&checkin=2025-10-06&checkout=2025-10-07&dest_id=-3715887&dest_type=city&group_adults=2&req_adults=2&no_rooms=1&group_children=0&req_children=0&hpos=10&hapos=354&sr_order=popularity&srpvid=7ee339dd707602b5&srepoch=1759479351&all_sr_blocks=1373462601_411561228_4_0_0&highlighted_blocks=1373462601_411561228_4_0_0&matching_block_id=1373462601_411561228_4_0_0&sr_pri_blocks=1373462601_411561228_4_0_0__98000000&from=searchresults
Sunshine villa thuy bieu,405000,"Mon, Oct 6","Tue, Oct 7",8.9,0,Hue,43,Excellent,https://www.booking.com/hotel/vn/sunshine-villa-thuy-bieu.html?label=gen173nr-10CAEoggI46AdIM1gEaPQBiAEBmAEzuAEXyAEM2AED6AEB-AEBiAIBqAIBuAK78OPGBsACAdICJDg2NTdiNzM2LTFhYTYtNDAzNC1hZmUyLWRiYzA1ZDFiZDJlN9gCAeACAQ&aid=304142&ucfs=1&arphpl=1&checkin=2025-10-06&checkout=2025-10-07&dest_id=-3715887&dest_type=city&group_adults=2&req_adults=2&no_rooms=1&group_children=0&req_children=0&hpos=11&hapos=355&sr_order=popularity&srpvid=7ee339dd707602b5&srepoch=1759479351&all_sr_blocks=987445001_371120608_2_1_0&highlighted_blocks=987445001_371120608_2_1_0&matching_block_id=987445001_371120608_2_1_0&sr_pri_blocks=987445001_371120608_2_1_0__40500000&from=searchresults
The HillSide Homestay Hue,642400,"Mon, Oct 6","Tue, Oct 7",9.2,0,Hue,88,Wonderful,https://www.booking.com/hotel/vn/the-hillside-homestay-hue-hue123456.html?label=gen173nr-10CAEoggI46AdIM1gEaPQBiAEBmAEzuAEXyAEM2AED6AEB-AEBiAIBqAIBuAK78OPGBsACAdICJDg2NTdiNzM2LTFhYTYtNDAzNC1hZmUyLWRiYzA1ZDFiZDJlN9gCAeACAQ&aid=304142&ucfs=1&arphpl=1&checkin=2025-10-06&checkout=2025-10-07&dest_id=-3715887&dest_type=city&group_adults=2&req_adults=2&no_rooms=1&group_children=0&req_children=0&hpos=12&hapos=356&sr_order=popularity&srpvid=7ee339dd707602b5&srepoch=1759479351&all_sr_blocks=243853802_265066496_2_42_0&highlighted_blocks=243853802_265066496_2_42_0&matching_block_id=243853802_265066496_2_42_0&sr_pri_blocks=243853802_265066496_2_42_0__64240000&from=searchresults
Hue Color Homestay,340000,"Mon, Oct 6","Tue, Oct 7",,0,Hue,,Exceptional,https://www.booking.com/hotel/vn/hue-color-homestay.html?label=gen173nr-10CAEoggI46AdIM1gEaPQBiAEBmAEzuAEXyAEM2AED6AEB-AEBiAIBqAIBuAK78OPGBsACAdICJDg2NTdiNzM2LTFhYTYtNDAzNC1hZmUyLWRiYzA1ZDFiZDJlN9gCAeACAQ&aid=304142&ucfs=1&arphpl=1&checkin=2025-10-06&checkout=2025-10-07&dest_id=-3715887&dest_type=city&group_adults=2&req_adults=2&no_rooms=1&group_children=0&req_children=0&hpos=13&hapos=357&sr_order=popularity&srpvid=7ee339dd707602b5&srepoch=1759479351&all_sr_blocks=1462870901_417594373_2_0_0&highlighted_blocks=1462870901_417594373_2_0_0&matching_block_id=1462870901_417594373_2_0_0&sr_pri_blocks=1462870901_417594373_2_0_0__34000000&from=searchresults
June Homestay,509150,"Mon, Oct 13","Tue, Oct 14",,0,Hue,,N/A,https://www.booking.com/hotel/vn/june-homestay-thanh-pho-hue.html?label=gen173nr-10CAEoggI46AdIM1gEaPQBiAEBmAEzuAEXyAEM2AED6AEB-AEBiAIBqAIBuAK78OPGBsACAdICJDg2NTdiNzM2LTFhYTYtNDAzNC1hZmUyLWRiYzA1ZDFiZDJlN9gCAeACAQ&aid=304142&ucfs=1&arphpl=1&checkin=2025-10-13&checkout=2025-10-14&dest_id=-3715887&dest_type=city&group_adults=2&req_adults=2&no_rooms=1&group_children=0&req_children=0&hpos=14&hapos=358&sr_order=popularity&srpvid=7ee339dd707602b5&srepoch=1759479351&all_sr_blocks=1449113501_416294773_2_0_0&highlighted_blocks=1449113501_416294773_2_0_0&matching_block_id=1449113501_416294773_2_0_0&sr_pri_blocks=1449113501_416294773_2_0_0__50915000&from=searchresults
DMZ Hotel,451936,"Mon, Oct 6","Tue, Oct 7",7.8,2,Hue,125,Good,https://www.booking.com/hotel/vn/dmz.html?label=gen173nr-10CAEoggI46AdIM1gEaPQBiAEBmAEzuAEXyAEM2AED6AEB-AEBiAIBqAIBuAK78OPGBsACAdICJDg2NTdiNzM2LTFhYTYtNDAzNC1hZmUyLWRiYzA1ZDFiZDJlN9gCAeACAQ&aid=304142&ucfs=1&arphpl=1&checkin=2025-10-06&checkout=2025-10-07&dest_id=-3715887&dest_type=city&group_adults=2&req_adults=2&no_rooms=1&group_children=0&req_children=0&hpos=15&hapos=359&sr_order=popularity&srpvid=7ee339dd707602b5&srepoch=1759479351&all_sr_blocks=26420301_0_2_0_0&highlighted_blocks=26420301_0_2_0_0&matching_block_id=26420301_0_2_0_0&sr_pri_blocks=26420301_0_2_0_0__45193613&from=searchresults
Trường Ân Homestay,211449,"Mon, Oct 6","Tue, Oct 7",5.3,0,Hue,3,Review score,https://www.booking.com/hotel/vn/an-nguyen-homestay-thanh-pho-hue.html?label=gen173nr-10CAEoggI46AdIM1gEaPQBiAEBmAEzuAEXyAEM2AED6AEB-AEBiAIBqAIBuAK78OPGBsACAdICJDg2NTdiNzM2LTFhYTYtNDAzNC1hZmUyLWRiYzA1ZDFiZDJlN9gCAeACAQ&aid=304142&ucfs=1&arphpl=1&checkin=2025-10-06&checkout=2025-10-07&dest_id=-3715887&dest_type=city&group_adults=2&req_adults=2&no_rooms=1&group_children=0&req_children=0&hpos=16&hapos=360&sr_order=popularity&srpvid=7ee339dd707602b5&srepoch=1759479351&all_sr_blocks=1345660601_0_2_0_0&highlighted_blocks=1345660601_0_2_0_0&matching_block_id=1345660601_0_2_0_0&sr_pri_blocks=1345660601_0_2_0_0__21144909&from=searchresults
Ngọc Lan Homestay,720000,"Mon, Oct 6","Tue, Oct 7",6.1,0,Hue,32,Review score,https://www.booking.com/hotel/vn/ngoc-lan-homestay-thanh-pho-hue.html?label=gen173nr-10CAEoggI46AdIM1gEaPQBiAEBmAEzuAEXyAEM2AED6AEB-AEBiAIBqAIBuAK78OPGBsACAdICJDg2NTdiNzM2LTFhYTYtNDAzNC1hZmUyLWRiYzA1ZDFiZDJlN9gCAeACAQ&aid=304142&ucfs=1&arphpl=1&checkin=2025-10-06&checkout=2025-10-07&dest_id=-3715887&dest_type=city&group_adults=2&req_adults=2&no_rooms=1&group_children=0&req_children=0&hpos=17&hapos=361&sr_order=popularity&srpvid=7ee339dd707602b5&srepoch=1759479351&all_sr_blocks=1186582601_391320016_2_0_0_415994&highlighted_blocks=1186582601_391320016_2_0_0_415994&matching_block_id=1186582601_391320016_2_0_0_415994&sr_pri_blocks=1186582601_391320016_2_0_0_415994_72000000&from=searchresults
KenPi House,1650000,"Mon, Oct 6","Tue, Oct 7",,0,Hue,2,Exceptional,https://www.booking.com/hotel/vn/kenpi-house.html?label=gen173nr-10CAEoggI46AdIM1gEaPQBiAEBmAEzuAEXyAEM2AED6AEB-AEBiAIBqAIBuAK78OPGBsACAdICJDg2NTdiNzM2LTFhYTYtNDAzNC1hZmUyLWRiYzA1ZDFiZDJlN9gCAeACAQ&aid=304142&ucfs=1&arphpl=1&checkin=2025-10-06&checkout=2025-10-07&dest_id=-3715887&dest_type=city&group_adults=2&req_adults=2&no_rooms=1&group_children=0&req_children=0&hpos=18&hapos=362&sr_order=popularity&srpvid=7ee339dd707602b5&srepoch=1759479351&all_sr_blocks=1400132001_411868998_4_0_0&highlighted_blocks=1400132001_411868998_4_0_0&matching_block_id=1400132001_411868998_4_0_0&sr_pri_blocks=1400132001_411868998_4_0_0__132000000&from=searchresults
Timothy House Hue,1450000,"Mon, Oct 6","Tue, Oct 7",9.6,3,Hue,16,Exceptional,https://www.booking.com/hotel/vn/timothy-house-hue.html?label=gen173nr-10CAEoggI46AdIM1gEaPQBiAEBmAEzuAEXyAEM2AED6AEB-AEBiAIBqAIBuAK78OPGBsACAdICJDg2NTdiNzM2LTFhYTYtNDAzNC1hZmUyLWRiYzA1ZDFiZDJlN9gCAeACAQ&aid=304142&ucfs=1&arphpl=1&checkin=2025-10-06&checkout=2025-10-07&dest_id=-3715887&dest_type=city&group_adults=2&req_adults=2&no_rooms=1&group_children=0&req_children=0&hpos=19&hapos=363&sr_order=popularity&srpvid=7ee339dd707602b5&srepoch=1759479351&all_sr_blocks=1237890901_412315379_4_0_0&highlighted_blocks=1237890901_412315379_4_0_0&matching_block_id=1237890901_412315379_4_0_0&sr_pri_blocks=1237890901_412315379_4_0_0__145000000&from=searchresults
Sun's House,120000,"Mon, Oct 6","Tue, Oct 7",,0,Hue,,N/A,https://www.booking.com/hotel/vn/suns-house.html?label=gen173nr-10CAEoggI46AdIM1gEaPQBiAEBmAEzuAEXyAEM2AED6AEB-AEBiAIBqAIBuAK78OPGBsACAdICJDg2NTdiNzM2LTFhYTYtNDAzNC1hZmUyLWRiYzA1ZDFiZDJlN9gCAeACAQ&aid=304142&ucfs=1&arphpl=1&checkin=2025-10-06&checkout=2025-10-07&dest_id=-3715887&dest_type=city&group_adults=2&req_adults=2&no_rooms=1&group_children=0&req_children=0&hpos=20&hapos=364&sr_order=popularity&srpvid=7ee339dd707602b5&srepoch=1759479351&all_sr_blocks=1447064101_416092955_2_2_0&highlighted_blocks=1447064101_416092955_2_2_0&matching_block_id=1447064101_416092955_2_2_0&sr_pri_blocks=1447064101_416092955_2_2_0__12000000&from=searchresults
BÁNH INN,359807,"Mon, Oct 6","Tue, Oct 7",8.5,0,Hue,135,Very Good,https://www.booking.com/hotel/vn/banh-inn.html?label=gen173nr-10CAEoggI46AdIM1gEaPQBiAEBmAEzuAEXyAEM2AED6AEB-AEBiAIBqAIBuAK78OPGBsACAdICJDg2NTdiNzM2LTFhYTYtNDAzNC1hZmUyLWRiYzA1ZDFiZDJlN9gCAeACAQ&aid=304142&ucfs=1&arphpl=1&checkin=2025-10-06&checkout=2025-10-07&dest_id=-3715887&dest_type=city&group_adults=2&req_adults=2&no_rooms=1&group_children=0&req_children=0&hpos=21&hapos=365&sr_order=popularity&srpvid=7ee339dd707602b5&srepoch=1759479351&all_sr_blocks=989458601_0_2_0_0&highlighted_blocks=989458601_0_2_0_0&matching_block_id=989458601_0_2_0_0&sr_pri_blocks=989458601_0_2_0_0__35980663&from=searchresults
Gia Anh Guesthouse,350000,"Mon, Oct 6","Tue, Oct 7",7.3,3,Hue,64,Good,https://www.booking.com/hotel/vn/nha-nghi-gia-anh.html?label=gen173nr-10CAEoggI46AdIM1gEaPQBiAEBmAEzuAEXyAEM2AED6AEB-AEBiAIBqAIBuAK78OPGBsACAdICJDg2NTdiNzM2LTFhYTYtNDAzNC1hZmUyLWRiYzA1ZDFiZDJlN9gCAeACAQ&aid=304142&ucfs=1&arphpl=1&checkin=2025-10-06&checkout=2025-10-07&dest_id=-3715887&dest_type=city&group_adults=2&req_adults=2&no_rooms=1&group_children=0&req_children=0&hpos=22&hapos=366&sr_order=popularity&srpvid=7ee339dd707602b5&srepoch=1759479351&all_sr_blocks=529438201_190419143_2_0_0&highlighted_blocks=529438201_190419143_2_0_0&matching_block_id=529438201_190419143_2_0_0&sr_pri_blocks=529438201_190419143_2_0_0__35000000&from=searchresults
SUN HOTEL,290000,"Mon, Oct 6","Tue, Oct 7",8.7,0,Hue,47,Excellent,https://www.booking.com/hotel/vn/sun-thua-thien-hue.html?label=gen173nr-10CAEoggI46AdIM1gEaPQBiAEBmAEzuAEXyAEM2AED6AEB-AEBiAIBqAIBuAK78OPGBsACAdICJDg2NTdiNzM2LTFhYTYtNDAzNC1hZmUyLWRiYzA1ZDFiZDJlN9gCAeACAQ&aid=304142&ucfs=1&arphpl=1&checkin=2025-10-06&checkout=2025-10-07&dest_id=-3715887&dest_type=city&group_adults=2&req_adults=2&no_rooms=1&group_children=0&req_children=0&hpos=23&hapos=367&sr_order=popularity&srpvid=7ee339dd707602b5&srepoch=1759479351&all_sr_blocks=900580108_368727185_2_0_0&highlighted_blocks=900580108_368727185_2_0_0&matching_block_id=900580108_368727185_2_0_0&sr_pri_blocks=900580108_368727185_2_0_0__29000000&from=searchresults
Tôn Homestay,600000,"Mon, Oct 6","Tue, Oct 7",6.5,0,Hue,2,Review score,https://www.booking.com/hotel/vn/ton-homestay.html?label=gen173nr-10CAEoggI46AdIM1gEaPQBiAEBmAEzuAEXyAEM2AED6AEB-AEBiAIBqAIBuAK78OPGBsACAdICJDg2NTdiNzM2LTFhYTYtNDAzNC1hZmUyLWRiYzA1ZDFiZDJlN9gCAeACAQ&aid=304142&ucfs=1&arphpl=1&checkin=2025-10-06&checkout=2025-10-07&dest_id=-3715887&dest_type=city&group_adults=2&req_adults=2&no_rooms=1&group_children=0&req_children=0&hpos=24&hapos=368&sr_order=popularity&srpvid=7ee339dd707602b5&srepoch=1759479351&all_sr_blocks=1271689601_399941846_2_0_0&highlighted_blocks=1271689601_399941846_2_0_0&matching_block_id=1271689601_399941846_2_0_0&sr_pri_blocks=1271689601_399941846_2_0_0__51000000&from=searchresults
Song Huong Hue Hotel,550000,"Mon, Oct 6","Tue, Oct 7",6.0,3,Hue,3,Review score,https://www.booking.com/hotel/vn/song-huong-hue.html?label=gen173nr-10CAEoggI46AdIM1gEaPQBiAEBmAEzuAEXyAEM2AED6AEB-AEBiAIBqAIBuAK78OPGBsACAdICJDg2NTdiNzM2LTFhYTYtNDAzNC1hZmUyLWRiYzA1ZDFiZDJlN9gCAeACAQ&aid=304142&ucfs=1&arphpl=1&checkin=2025-10-06&checkout=2025-10-07&dest_id=-3715887&dest_type=city&group_adults=2&req_adults=2&no_rooms=1&group_children=0&req_children=0&hpos=25&hapos=369&sr_order=popularity&srpvid=7ee339dd707602b5&srepoch=1759479351&all_sr_blocks=265127911_130049106_2_2_0&highlighted_blocks=265127911_130049106_2_2_0&matching_block_id=265127911_130049106_2_2_0&sr_pri_blocks=265127911_130049106_2_2_0__55000000&from=searchresults
Golden Inn Hotel,450000,"Mon, Oct 6","Tue, Oct 7",7.3,0,Hue,17,Good,https://www.booking.com/hotel/vn/golden-inn.html?label=gen173nr-10CAEoggI46AdIM1gEaPQBiAEBmAEzuAEXyAEM2AED6AEB-AEBiAIBqAIBuAK78OPGBsACAdICJDg2NTdiNzM2LTFhYTYtNDAzNC1hZmUyLWRiYzA1ZDFiZDJlN9gCAeACAQ&aid=304142&ucfs=1&arphpl=1&checkin=2025-10-06&checkout=2025-10-07&dest_id=-3715887&dest_type=city&group_adults=2&req_adults=2&no_rooms=1&group_children=0&req_children=0&hpos=1&hapos=370&sr_order=popularity&srpvid=7ee339dd707602b5&srepoch=1759479362&all_sr_blocks=671274901_415288714_2_0_0&highlighted_blocks=671274901_415288714_2_0_0&matching_block_id=671274901_415288714_2_0_0&sr_pri_blocks=671274901_415288714_2_0_0__45000000&from=searchresults
Amona Hotel,309650,"Mon, Oct 6","Tue, Oct 7",7.6,2,Hue,176,Good,https://www.booking.com/hotel/vn/phuong-loan-hue.html?label=gen173nr-10CAEoggI46AdIM1gEaPQBiAEBmAEzuAEXyAEM2AED6AEB-AEBiAIBqAIBuAK78OPGBsACAdICJDg2NTdiNzM2LTFhYTYtNDAzNC1hZmUyLWRiYzA1ZDFiZDJlN9gCAeACAQ&aid=304142&ucfs=1&arphpl=1&checkin=2025-10-06&checkout=2025-10-07&dest_id=-3715887&dest_type=city&group_adults=2&req_adults=2&no_rooms=1&group_children=0&req_children=0&hpos=2&hapos=371&sr_order=popularity&srpvid=7ee339dd707602b5&srepoch=1759479362&all_sr_blocks=198018606_0_2_0_0&highlighted_blocks=198018606_0_2_0_0&matching_block_id=198018606_0_2_0_0&sr_pri_blocks=198018606_0_2_0_0__30965016&from=searchresults
Sapphire Hotel Hue,382500,"Mon, Oct 6","Tue, Oct 7",8.2,2,Hue,190,Very Good,https://www.booking.com/hotel/vn/sapphire-hue-thanh-pho-hue.html?label=gen173nr-10CAEoggI46AdIM1gEaPQBiAEBmAEzuAEXyAEM2AED6AEB-AEBiAIBqAIBuAK78OPGBsACAdICJDg2NTdiNzM2LTFhYTYtNDAzNC1hZmUyLWRiYzA1ZDFiZDJlN9gCAeACAQ&aid=304142&ucfs=1&arphpl=1&checkin=2025-10-06&checkout=2025-10-07&dest_id=-3715887&dest_type=city&group_adults=2&req_adults=2&no_rooms=1&group_children=0&req_children=0&hpos=3&hapos=372&sr_order=popularity&srpvid=7ee339dd707602b5&srepoch=1759479362&all_sr_blocks=462570201_374298357_0_2_0&highlighted_blocks=462570201_374298357_0_2_0&matching_block_id=462570201_374298357_0_2_0&sr_pri_blocks=462570201_374298357_0_2_0__38250000&from=searchresults
Sea to Sea Villa Boutique,1500000,"Mon, Oct 6","Tue, Oct 7",9.3,0,Hue,3,Wonderful,https://www.booking.com/hotel/vn/sea-to-sea-villa-boutique.html?label=gen173nr-10CAEoggI46AdIM1gEaPQBiAEBmAEzuAEXyAEM2AED6AEB-AEBiAIBqAIBuAK78OPGBsACAdICJDg2NTdiNzM2LTFhYTYtNDAzNC1hZmUyLWRiYzA1ZDFiZDJlN9gCAeACAQ&aid=304142&ucfs=1&arphpl=1&checkin=2025-10-06&checkout=2025-10-07&dest_id=-3715887&dest_type=city&group_adults=2&req_adults=2&no_rooms=1&group_children=0&req_children=0&hpos=4&hapos=373&sr_order=popularity&srpvid=7ee339dd707602b5&srepoch=1759479362&all_sr_blocks=1440011703_415471666_2_1_0&highlighted_blocks=1440011703_415471666_2_1_0&matching_block_id=1440011703_415471666_2_1_0&sr_pri_blocks=1440011703_415471666_2_1_0__120000000&from=searchresults
DKD TRIO Hotel,388235,"Mon, Oct 6","Tue, Oct 7",7.0,2,Hue,11,Good,https://www.booking.com/hotel/vn/dkd-trio.html?label=gen173nr-10CAEoggI46AdIM1gEaPQBiAEBmAEzuAEXyAEM2AED6AEB-AEBiAIBqAIBuAK78OPGBsACAdICJDg2NTdiNzM2LTFhYTYtNDAzNC1hZmUyLWRiYzA1ZDFiZDJlN9gCAeACAQ&aid=304142&ucfs=1&arphpl=1&checkin=2025-10-06&checkout=2025-10-07&dest_id=-3715887&dest_type=city&group_adults=2&req_adults=2&no_rooms=1&group_children=0&req_children=0&hpos=5&hapos=374&sr_order=popularity&srpvid=7ee339dd707602b5&srepoch=1759479362&all_sr_blocks=852646406_352650602_2_0_0&highlighted_blocks=852646406_352650602_2_0_0&matching_block_id=852646406_352650602_2_0_0&sr_pri_blocks=852646406_352650602_2_0_0__38823500&from=searchresults
Blue Sea Hue Hotel,612000,"Mon, Oct 6","Tue, Oct 7",9.1,0,Hue,45,Wonderful,https://www.booking.com/hotel/vn/blue-sea-homestay-hue.html?label=gen173nr-10CAEoggI46AdIM1gEaPQBiAEBmAEzuAEXyAEM2AED6AEB-AEBiAIBqAIBuAK78OPGBsACAdICJDg2NTdiNzM2LTFhYTYtNDAzNC1hZmUyLWRiYzA1ZDFiZDJlN9gCAeACAQ&aid=304142&ucfs=1&arphpl=1&checkin=2025-10-06&checkout=2025-10-07&dest_id=-3715887&dest_type=city&group_adults=2&req_adults=2&no_rooms=1&group_children=0&req_children=0&hpos=6&hapos=375&sr_order=popularity&srpvid=7ee339dd707602b5&srepoch=1759479362&all_sr_blocks=1015064404_380243643_2_2_0_290954&highlighted_blocks=1015064404_380243643_2_2_0_290954&matching_block_id=1015064404_380243643_2_2_0_290954&sr_pri_blocks=1015064404_380243643_2_2_0_290954_55080000&from=searchresults
SAPHIA Hotel Hue,451000,"Mon, Oct 6","Tue, Oct 7",8.5,0,Hue,4,Very Good,https://www.booking.com/hotel/vn/love-sapphire.html?label=gen173nr-10CAEoggI46AdIM1gEaPQBiAEBmAEzuAEXyAEM2AED6AEB-AEBiAIBqAIBuAK78OPGBsACAdICJDg2NTdiNzM2LTFhYTYtNDAzNC1hZmUyLWRiYzA1ZDFiZDJlN9gCAeACAQ&aid=304142&ucfs=1&arphpl=1&checkin=2025-10-06&checkout=2025-10-07&dest_id=-3715887&dest_type=city&group_adults=2&req_adults=2&no_rooms=1&group_children=0&req_children=0&hpos=7&hapos=376&sr_order=popularity&srpvid=7ee339dd707602b5&srepoch=1759479362&all_sr_blocks=1336375005_406092227_2_0_0&highlighted_blocks=1336375005_406092227_2_0_0&matching_block_id=1336375005_406092227_2_0_0&sr_pri_blocks=1336375005_406092227_2_0_0__45100000&from=searchresults
BeLam in Hue Villa,3765000,"Mon, Dec 1","Tue, Dec 2",9.2,4,Hue,21,Wonderful,https://www.booking.com/hotel/vn/belam-in-hue-villa.html?label=gen173nr-10CAEoggI46AdIM1gEaPQBiAEBmAEzuAEXyAEM2AED6AEB-AEBiAIBqAIBuAK78OPGBsACAdICJDg2NTdiNzM2LTFhYTYtNDAzNC1hZmUyLWRiYzA1ZDFiZDJlN9gCAeACAQ&aid=304142&ucfs=1&arphpl=1&checkin=2025-12-01&checkout=2025-12-02&dest_id=-3715887&dest_type=city&group_adults=2&req_adults=2&no_rooms=1&group_children=0&req_children=0&hpos=8&hapos=377&sr_order=popularity&srpvid=7ee339dd707602b5&srepoch=1759479362&all_sr_blocks=1102377401_383031101_0_0_0_152702&highlighted_blocks=1102377401_383031101_0_0_0_152702&matching_block_id=1102377401_383031101_0_0_0_152702&sr_pri_blocks=1102377401_383031101_0_0_0_152702_376500000&from=searchresults
Gaki Hotel,850000,"Mon, Oct 6","Tue, Oct 7",7.0,2,Hue,10,Good,https://www.booking.com/hotel/vn/gaki.html?label=gen173nr-10CAEoggI46AdIM1gEaPQBiAEBmAEzuAEXyAEM2AED6AEB-AEBiAIBqAIBuAK78OPGBsACAdICJDg2NTdiNzM2LTFhYTYtNDAzNC1hZmUyLWRiYzA1ZDFiZDJlN9gCAeACAQ&aid=304142&ucfs=1&arphpl=1&checkin=2025-10-06&checkout=2025-10-07&dest_id=-3715887&dest_type=city&group_adults=2&req_adults=2&no_rooms=1&group_children=0&req_children=0&hpos=9&hapos=378&sr_order=popularity&srpvid=7ee339dd707602b5&srepoch=1759479362&all_sr_blocks=1297529801_402668616_2_2_0&highlighted_blocks=1297529801_402668616_2_2_0&matching_block_id=1297529801_402668616_2_2_0&sr_pri_blocks=1297529801_402668616_2_2_0__38250000&from=searchresults
Lagom Home,500000,"Mon, Nov 3","Tue, Nov 4",8.9,0,Hue,40,Excellent,https://www.booking.com/hotel/vn/lagom-home-hue2.html?label=gen173nr-10CAEoggI46AdIM1gEaPQBiAEBmAEzuAEXyAEM2AED6AEB-AEBiAIBqAIBuAK78OPGBsACAdICJDg2NTdiNzM2LTFhYTYtNDAzNC1hZmUyLWRiYzA1ZDFiZDJlN9gCAeACAQ&aid=304142&ucfs=1&arphpl=1&checkin=2025-11-03&checkout=2025-11-04&dest_id=-3715887&dest_type=city&group_adults=2&req_adults=2&no_rooms=1&group_children=0&req_children=0&hpos=10&hapos=379&sr_order=popularity&srpvid=7ee339dd707602b5&srepoch=1759479362&all_sr_blocks=1112373303_400591363_0_0_0&highlighted_blocks=1112373303_400591363_0_0_0&matching_block_id=1112373303_400591363_0_0_0&sr_pri_blocks=1112373303_400591363_0_0_0__40000000&from=searchresults
Sankofa Village Hill Resort & Spa,1830183,"Mon, Oct 20","Tue, Oct 21",7.3,5,Hue,63,Good,https://www.booking.com/hotel/vn/sankofa-village-hill-resort-spa.html?label=gen173nr-10CAEoggI46AdIM1gEaPQBiAEBmAEzuAEXyAEM2AED6AEB-AEBiAIBqAIBuAK78OPGBsACAdICJDg2NTdiNzM2LTFhYTYtNDAzNC1hZmUyLWRiYzA1ZDFiZDJlN9gCAeACAQ&aid=304142&ucfs=1&arphpl=1&checkin=2025-10-20&checkout=2025-10-21&dest_id=-3715887&dest_type=city&group_adults=2&req_adults=2&no_rooms=1&group_children=0&req_children=0&hpos=11&hapos=380&sr_order=popularity&srpvid=7ee339dd707602b5&srepoch=1759479362&all_sr_blocks=0_0_2_1_0&highlighted_blocks=0_0_2_1_0&matching_block_id=0_0_2_1_0&sr_pri_blocks=0_0_2_1_0__183018294&from=searchresults
Hue Royal Hotel,722500,"Mon, Oct 20","Tue, Oct 21",7.7,3,Hue,69,Good,https://www.booking.com/hotel/vn/hue-royal-hotel.html?label=gen173nr-10CAEoggI46AdIM1gEaPQBiAEBmAEzuAEXyAEM2AED6AEB-AEBiAIBqAIBuAK78OPGBsACAdICJDg2NTdiNzM2LTFhYTYtNDAzNC1hZmUyLWRiYzA1ZDFiZDJlN9gCAeACAQ&aid=304142&ucfs=1&arphpl=1&checkin=2025-10-20&checkout=2025-10-21&dest_id=-3715887&dest_type=city&group_adults=2&req_adults=2&no_rooms=1&group_children=0&req_children=0&hpos=12&hapos=381&sr_order=popularity&srpvid=7ee339dd707602b5&srepoch=1759479362&all_sr_blocks=66420002_241741261_0_41_0&highlighted_blocks=66420002_241741261_0_41_0&matching_block_id=66420002_241741261_0_41_0&sr_pri_blocks=66420002_241741261_0_41_0__65025000&from=searchresults
Nhật Linh Homestay,192178,"Mon, Oct 6","Tue, Oct 7",5.7,0,Hue,10,Review score,https://www.booking.com/hotel/vn/nhat-linh-homestay.html?label=gen173nr-10CAEoggI46AdIM1gEaPQBiAEBmAEzuAEXyAEM2AED6AEB-AEBiAIBqAIBuAK78OPGBsACAdICJDg2NTdiNzM2LTFhYTYtNDAzNC1hZmUyLWRiYzA1ZDFiZDJlN9gCAeACAQ&aid=304142&ucfs=1&arphpl=1&checkin=2025-10-06&checkout=2025-10-07&dest_id=-3715887&dest_type=city&group_adults=2&req_adults=2&no_rooms=1&group_children=0&req_children=0&hpos=13&hapos=382&sr_order=popularity&srpvid=7ee339dd707602b5&srepoch=1759479362&all_sr_blocks=1288682501_0_2_0_0&highlighted_blocks=1288682501_0_2_0_0&matching_block_id=1288682501_0_2_0_0&sr_pri_blocks=1288682501_0_2_0_0__19217845&from=searchresults
Khách sạn Đồng Dao,280000,"Mon, Oct 6","Tue, Oct 7",5.1,0,Hue,27,Review score,https://www.booking.com/hotel/vn/khach-san-dong-dao.html?label=gen173nr-10CAEoggI46AdIM1gEaPQBiAEBmAEzuAEXyAEM2AED6AEB-AEBiAIBqAIBuAK78OPGBsACAdICJDg2NTdiNzM2LTFhYTYtNDAzNC1hZmUyLWRiYzA1ZDFiZDJlN9gCAeACAQ&aid=304142&ucfs=1&arphpl=1&checkin=2025-10-06&checkout=2025-10-07&dest_id=-3715887&dest_type=city&group_adults=2&req_adults=2&no_rooms=1&group_children=0&req_children=0&hpos=14&hapos=383&sr_order=popularity&srpvid=7ee339dd707602b5&srepoch=1759479362&all_sr_blocks=335412701_130052282_2_0_0&highlighted_blocks=335412701_130052282_2_0_0&matching_block_id=335412701_130052282_2_0_0&sr_pri_blocks=335412701_130052282_2_0_0__28000000&from=searchresults
Duy Tan Hotel,705886,"Mon, Oct 6","Tue, Oct 7",8.0,3,Hue,12,Very Good,https://www.booking.com/hotel/vn/duy-tan.html?label=gen173nr-10CAEoggI46AdIM1gEaPQBiAEBmAEzuAEXyAEM2AED6AEB-AEBiAIBqAIBuAK78OPGBsACAdICJDg2NTdiNzM2LTFhYTYtNDAzNC1hZmUyLWRiYzA1ZDFiZDJlN9gCAeACAQ&aid=304142&ucfs=1&arphpl=1&checkin=2025-10-06&checkout=2025-10-07&dest_id=-3715887&dest_type=city&group_adults=2&req_adults=2&no_rooms=1&group_children=0&req_children=0&hpos=15&hapos=384&sr_order=popularity&srpvid=7ee339dd707602b5&srepoch=1759479362&all_sr_blocks=26177902_0_2_1_0&highlighted_blocks=26177902_0_2_1_0&matching_block_id=26177902_0_2_1_0&sr_pri_blocks=26177902_0_2_1_0__70588622&from=searchresults
Shark Home,450000,"Mon, Oct 6","Tue, Oct 7",8.9,0,Hue,72,Excellent,https://www.booking.com/hotel/vn/shark-home.html?label=gen173nr-10CAEoggI46AdIM1gEaPQBiAEBmAEzuAEXyAEM2AED6AEB-AEBiAIBqAIBuAK78OPGBsACAdICJDg2NTdiNzM2LTFhYTYtNDAzNC1hZmUyLWRiYzA1ZDFiZDJlN9gCAeACAQ&aid=304142&ucfs=1&arphpl=1&checkin=2025-10-06&checkout=2025-10-07&dest_id=-3715887&dest_type=city&group_adults=2&req_adults=2&no_rooms=1&group_children=0&req_children=0&hpos=16&hapos=385&sr_order=popularity&srpvid=7ee339dd707602b5&srepoch=1759479362&all_sr_blocks=559276008_260718333_2_1_0&highlighted_blocks=559276008_260718333_2_1_0&matching_block_id=559276008_260718333_2_1_0&sr_pri_blocks=559276008_260718333_2_1_0__45000000&from=searchresults
Sunshine villa thuan an,450000,"Mon, Nov 3","Tue, Nov 4",7.0,0,Hue,2,Good,https://www.booking.com/hotel/vn/sunshine-villa-thuan-an.html?label=gen173nr-10CAEoggI46AdIM1gEaPQBiAEBmAEzuAEXyAEM2AED6AEB-AEBiAIBqAIBuAK78OPGBsACAdICJDg2NTdiNzM2LTFhYTYtNDAzNC1hZmUyLWRiYzA1ZDFiZDJlN9gCAeACAQ&aid=304142&ucfs=1&arphpl=1&checkin=2025-11-03&checkout=2025-11-04&dest_id=-3715887&dest_type=city&group_adults=2&req_adults=2&no_rooms=1&group_children=0&req_children=0&hpos=17&hapos=386&sr_order=popularity&srpvid=7ee339dd707602b5&srepoch=1759479362&all_sr_blocks=997022201_372570956_2_0_0&highlighted_blocks=997022201_372570956_2_0_0&matching_block_id=997022201_372570956_2_0_0&sr_pri_blocks=997022201_372570956_2_0_0__45000000&from=searchresults
SEA HOMESTAY,199000,"Mon, Oct 6","Tue, Oct 7",4.0,2,Hue,46,Review score,https://www.booking.com/hotel/vn/sea-homestay-thanh-pho-hue.html?label=gen173nr-10CAEoggI46AdIM1gEaPQBiAEBmAEzuAEXyAEM2AED6AEB-AEBiAIBqAIBuAK78OPGBsACAdICJDg2NTdiNzM2LTFhYTYtNDAzNC1hZmUyLWRiYzA1ZDFiZDJlN9gCAeACAQ&aid=304142&ucfs=1&arphpl=1&checkin=2025-10-06&checkout=2025-10-07&dest_id=-3715887&dest_type=city&group_adults=2&req_adults=2&no_rooms=1&group_children=0&req_children=0&hpos=18&hapos=387&sr_order=popularity&srpvid=7ee339dd707602b5&srepoch=1759479362&all_sr_blocks=552486801_204059734_2_42_0&highlighted_blocks=552486801_204059734_2_42_0&matching_block_id=552486801_204059734_2_42_0&sr_pri_blocks=552486801_204059734_2_42_0__19900000&from=searchresults
Củi Homestay Huế,1910000,"Mon, Oct 6","Tue, Oct 7",9.3,0,Hue,6,Wonderful,https://www.booking.com/hotel/vn/homestay-cui.html?label=gen173nr-10CAEoggI46AdIM1gEaPQBiAEBmAEzuAEXyAEM2AED6AEB-AEBiAIBqAIBuAK78OPGBsACAdICJDg2NTdiNzM2LTFhYTYtNDAzNC1hZmUyLWRiYzA1ZDFiZDJlN9gCAeACAQ&aid=304142&ucfs=1&arphpl=1&checkin=2025-10-06&checkout=2025-10-07&dest_id=-3715887&dest_type=city&group_adults=2&req_adults=2&no_rooms=1&group_children=0&req_children=0&hpos=19&hapos=388&sr_order=popularity&srpvid=7ee339dd707602b5&srepoch=1759479362&all_sr_blocks=1396090103_412773682_2_1_0&highlighted_blocks=1396090103_412773682_2_1_0&matching_block_id=1396090103_412773682_2_1_0&sr_pri_blocks=1396090103_412773682_2_1_0__53480000&from=searchresults
Nhà Bơ HomeStay & Apartment,702000,"Mon, Oct 6","Tue, Oct 7",,0,Hue,,N/A,https://www.booking.com/hotel/vn/nha-bo-homestay-amp-apartment.html?label=gen173nr-10CAEoggI46AdIM1gEaPQBiAEBmAEzuAEXyAEM2AED6AEB-AEBiAIBqAIBuAK78OPGBsACAdICJDg2NTdiNzM2LTFhYTYtNDAzNC1hZmUyLWRiYzA1ZDFiZDJlN9gCAeACAQ&aid=304142&ucfs=1&arphpl=1&checkin=2025-10-06&checkout=2025-10-07&dest_id=-3715887&dest_type=city&group_adults=2&req_adults=2&no_rooms=1&group_children=0&req_children=0&hpos=20&hapos=389&sr_order=popularity&srpvid=7ee339dd707602b5&srepoch=1759479362&all_sr_blocks=1374096001_409561061_2_0_0&highlighted_blocks=1374096001_409561061_2_0_0&matching_block_id=1374096001_409561061_2_0_0&sr_pri_blocks=1374096001_409561061_2_0_0__70200000&from=searchresults
Đại Nội Saphia Homestay,500000,"Mon, Dec 1","Tue, Dec 2",,0,Hue,2,Exceptional,https://www.booking.com/hotel/vn/bin-bap-homestay.html?label=gen173nr-10CAEoggI46AdIM1gEaPQBiAEBmAEzuAEXyAEM2AED6AEB-AEBiAIBqAIBuAK78OPGBsACAdICJDg2NTdiNzM2LTFhYTYtNDAzNC1hZmUyLWRiYzA1ZDFiZDJlN9gCAeACAQ&aid=304142&ucfs=1&arphpl=1&checkin=2025-12-01&checkout=2025-12-02&dest_id=-3715887&dest_type=city&group_adults=2&req_adults=2&no_rooms=1&group_children=0&req_children=0&hpos=21&hapos=390&sr_order=popularity&srpvid=7ee339dd707602b5&srepoch=1759479362&all_sr_blocks=961967808_415722298_2_2_0&highlighted_blocks=961967808_415722298_2_2_0&matching_block_id=961967808_415722298_2_2_0&sr_pri_blocks=961967808_415722298_2_2_0__50000000&from=searchresults
Khách sạn Le Domaine De Cocodo,1598000,"Mon, Oct 6","Tue, Oct 7",9.1,4,Hue,41,Wonderful,https://www.booking.com/hotel/vn/khach-san-le-domaine-de-cocodo.html?label=gen173nr-10CAEoggI46AdIM1gEaPQBiAEBmAEzuAEXyAEM2AED6AEB-AEBiAIBqAIBuAK78OPGBsACAdICJDg2NTdiNzM2LTFhYTYtNDAzNC1hZmUyLWRiYzA1ZDFiZDJlN9gCAeACAQ&aid=304142&ucfs=1&arphpl=1&checkin=2025-10-06&checkout=2025-10-07&dest_id=-3715887&dest_type=city&group_adults=2&req_adults=2&no_rooms=1&group_children=0&req_children=0&hpos=22&hapos=391&sr_order=popularity&srpvid=7ee339dd707602b5&srepoch=1759479362&all_sr_blocks=851300401_352422572_0_2_0&highlighted_blocks=851300401_352422572_0_2_0&matching_block_id=851300401_352422572_0_2_0&sr_pri_blocks=851300401_352422572_0_2_0__95880000&from=searchresults
Villa's Võ Thị Sáu Huế,2625000,"Mon, Oct 6","Tue, Oct 7",9.5,0,Hue,2,Exceptional,https://www.booking.com/hotel/vn/villas-vo-thi-sau-hue.html?label=gen173nr-10CAEoggI46AdIM1gEaPQBiAEBmAEzuAEXyAEM2AED6AEB-AEBiAIBqAIBuAK78OPGBsACAdICJDg2NTdiNzM2LTFhYTYtNDAzNC1hZmUyLWRiYzA1ZDFiZDJlN9gCAeACAQ&aid=304142&ucfs=1&arphpl=1&checkin=2025-10-06&checkout=2025-10-07&dest_id=-3715887&dest_type=city&group_adults=2&req_adults=2&no_rooms=1&group_children=0&req_children=0&hpos=23&hapos=392&sr_order=popularity&srpvid=7ee339dd707602b5&srepoch=1759479362&all_sr_blocks=1324118001_405062200_3_0_0&highlighted_blocks=1324118001_405062200_3_0_0&matching_block_id=1324118001_405062200_3_0_0&sr_pri_blocks=1324118001_405062200_3_0_0__262500000&from=searchresults
D & A Homestay Hue,480200,"Mon, Oct 6","Tue, Oct 7",9.0,0,Hue,36,Wonderful,https://www.booking.com/hotel/vn/d-amp-a-homestay-hue.html?label=gen173nr-10CAEoggI46AdIM1gEaPQBiAEBmAEzuAEXyAEM2AED6AEB-AEBiAIBqAIBuAK78OPGBsACAdICJDg2NTdiNzM2LTFhYTYtNDAzNC1hZmUyLWRiYzA1ZDFiZDJlN9gCAeACAQ&aid=304142&ucfs=1&arphpl=1&checkin=2025-10-06&checkout=2025-10-07&dest_id=-3715887&dest_type=city&group_adults=2&req_adults=2&no_rooms=1&group_children=0&req_children=0&hpos=24&hapos=393&sr_order=popularity&srpvid=7ee339dd707602b5&srepoch=1759479362&all_sr_blocks=992668101_372225968_2_0_0&highlighted_blocks=992668101_372225968_2_0_0&matching_block_id=992668101_372225968_2_0_0&sr_pri_blocks=992668101_372225968_2_0_0__48020000&from=searchresults
Noric homestay,1400000,"Mon, Oct 6","Tue, Oct 7",9.5,4,Hue,23,Exceptional,https://www.booking.com/hotel/vn/noric-homestay.html?label=gen173nr-10CAEoggI46AdIM1gEaPQBiAEBmAEzuAEXyAEM2AED6AEB-AEBiAIBqAIBuAK78OPGBsACAdICJDg2NTdiNzM2LTFhYTYtNDAzNC1hZmUyLWRiYzA1ZDFiZDJlN9gCAeACAQ&aid=304142&ucfs=1&arphpl=1&checkin=2025-10-06&checkout=2025-10-07&dest_id=-3715887&dest_type=city&group_adults=2&req_adults=2&no_rooms=1&group_children=0&req_children=0&hpos=1&hapos=394&sr_order=popularity&srpvid=7ee339dd707602b5&srepoch=1759479372&all_sr_blocks=972266401_369633970_2_0_0&highlighted_blocks=972266401_369633970_2_0_0&matching_block_id=972266401_369633970_2_0_0&sr_pri_blocks=972266401_369633970_2_0_0__140000000&from=searchresults
Alley 7 Homestay,2530000,"Mon, Oct 6","Tue, Oct 7",9.0,0,Hue,2,Wonderful,https://www.booking.com/hotel/vn/alley7-homestay.html?label=gen173nr-10CAEoggI46AdIM1gEaPQBiAEBmAEzuAEXyAEM2AED6AEB-AEBiAIBqAIBuAK78OPGBsACAdICJDg2NTdiNzM2LTFhYTYtNDAzNC1hZmUyLWRiYzA1ZDFiZDJlN9gCAeACAQ&aid=304142&ucfs=1&arphpl=1&checkin=2025-10-06&checkout=2025-10-07&dest_id=-3715887&dest_type=city&group_adults=2&req_adults=2&no_rooms=1&group_children=0&req_children=0&hpos=2&hapos=395&sr_order=popularity&srpvid=7ee339dd707602b5&srepoch=1759479372&all_sr_blocks=602346801_415533083_10_0_0&highlighted_blocks=602346801_415533083_10_0_0&matching_block_id=602346801_415533083_10_0_0&sr_pri_blocks=602346801_415533083_10_0_0__253000000&from=searchresults
Thanh Tan Hot Springs By Fusion,1029263,"Mon, Oct 20","Tue, Oct 21",8.8,3,Hue,22,Excellent,https://www.booking.com/hotel/vn/alba-thanh-tan-hot-springs-resort.html?label=gen173nr-10CAEoggI46AdIM1gEaPQBiAEBmAEzuAEXyAEM2AED6AEB-AEBiAIBqAIBuAK78OPGBsACAdICJDg2NTdiNzM2LTFhYTYtNDAzNC1hZmUyLWRiYzA1ZDFiZDJlN9gCAeACAQ&aid=304142&ucfs=1&arphpl=1&checkin=2025-10-20&checkout=2025-10-21&dest_id=-3715887&dest_type=city&group_adults=2&req_adults=2&no_rooms=1&group_children=0&req_children=0&hpos=3&hapos=396&sr_order=popularity&srpvid=7ee339dd707602b5&srepoch=1759479372&all_sr_blocks=0_0_2_1_0&highlighted_blocks=0_0_2_1_0&matching_block_id=0_0_2_1_0&sr_pri_blocks=0_0_2_1_0__102926342&from=searchresults
NHAT LE Hotel,300000,"Mon, Oct 6","Tue, Oct 7",6.5,2,Hue,2,Review score,https://www.booking.com/hotel/vn/nhat-le-thanh-pho-hue.html?label=gen173nr-10CAEoggI46AdIM1gEaPQBiAEBmAEzuAEXyAEM2AED6AEB-AEBiAIBqAIBuAK78OPGBsACAdICJDg2NTdiNzM2LTFhYTYtNDAzNC1hZmUyLWRiYzA1ZDFiZDJlN9gCAeACAQ&aid=304142&ucfs=1&arphpl=1&checkin=2025-10-06&checkout=2025-10-07&dest_id=-3715887&dest_type=city&group_adults=2&req_adults=2&no_rooms=1&group_children=0&req_children=0&hpos=4&hapos=397&sr_order=popularity&srpvid=7ee339dd707602b5&srepoch=1759479372&all_sr_blocks=1257502302_398294471_2_0_0&highlighted_blocks=1257502302_398294471_2_0_0&matching_block_id=1257502302_398294471_2_0_0&sr_pri_blocks=1257502302_398294471_2_0_0__27000000&from=searchresults
Cosiana Hue Hotel,561488,"Mon, Oct 6","Tue, Oct 7",6.7,3,Hue,19,Review score,https://www.booking.com/hotel/vn/ngoc-huong.html?label=gen173nr-10CAEoggI46AdIM1gEaPQBiAEBmAEzuAEXyAEM2AED6AEB-AEBiAIBqAIBuAK78OPGBsACAdICJDg2NTdiNzM2LTFhYTYtNDAzNC1hZmUyLWRiYzA1ZDFiZDJlN9gCAeACAQ&aid=304142&ucfs=1&arphpl=1&checkin=2025-10-06&checkout=2025-10-07&dest_id=-3715887&dest_type=city&group_adults=2&req_adults=2&no_rooms=1&group_children=0&req_children=0&hpos=5&hapos=398&sr_order=popularity&srpvid=7ee339dd707602b5&srepoch=1759479372&all_sr_blocks=25120301_0_2_1_0&highlighted_blocks=25120301_0_2_1_0&matching_block_id=25120301_0_2_1_0&sr_pri_blocks=25120301_0_2_1_0__56148841&from=searchresults
Huế thương Hotel,350000,"Mon, Oct 6","Tue, Oct 7",6.3,1,Hue,3,Review score,https://www.booking.com/hotel/vn/hue-thuong-thanh-pho-hue.html?label=gen173nr-10CAEoggI46AdIM1gEaPQBiAEBmAEzuAEXyAEM2AED6AEB-AEBiAIBqAIBuAK78OPGBsACAdICJDg2NTdiNzM2LTFhYTYtNDAzNC1hZmUyLWRiYzA1ZDFiZDJlN9gCAeACAQ&aid=304142&ucfs=1&arphpl=1&checkin=2025-10-06&checkout=2025-10-07&dest_id=-3715887&dest_type=city&group_adults=2&req_adults=2&no_rooms=1&group_children=0&req_children=0&hpos=6&hapos=399&sr_order=popularity&srpvid=7ee339dd707602b5&srepoch=1759479372&all_sr_blocks=1074911301_380054736_2_0_0&highlighted_blocks=1074911301_380054736_2_0_0&matching_block_id=1074911301_380054736_2_0_0&sr_pri_blocks=1074911301_380054736_2_0_0__35000000&from=searchresults
LD Homestay & Apartment,450000,"Mon, Oct 6","Tue, Oct 7",,0,Hue,,N/A,https://www.booking.com/hotel/vn/ld-homestay-amp-apartment.html?label=gen173nr-10CAEoggI46AdIM1gEaPQBiAEBmAEzuAEXyAEM2AED6AEB-AEBiAIBqAIBuAK78OPGBsACAdICJDg2NTdiNzM2LTFhYTYtNDAzNC1hZmUyLWRiYzA1ZDFiZDJlN9gCAeACAQ&aid=304142&ucfs=1&arphpl=1&checkin=2025-10-06&checkout=2025-10-07&dest_id=-3715887&dest_type=city&group_adults=2&req_adults=2&no_rooms=1&group_children=0&req_children=0&hpos=7&hapos=400&sr_order=popularity&srpvid=7ee339dd707602b5&srepoch=1759479372&all_sr_blocks=1431424501_414704316_2_0_0&highlighted_blocks=1431424501_414704316_2_0_0&matching_block_id=1431424501_414704316_2_0_0&sr_pri_blocks=1431424501_414704316_2_0_0__45000000&from=searchresults
SHARK HOSTEL,348455,"Mon, Oct 6","Tue, Oct 7",8.8,0,Hue,111,Excellent,https://www.booking.com/hotel/vn/shark-hostel-thanh-pho-hue.html?label=gen173nr-10CAEoggI46AdIM1gEaPQBiAEBmAEzuAEXyAEM2AED6AEB-AEBiAIBqAIBuAK78OPGBsACAdICJDg2NTdiNzM2LTFhYTYtNDAzNC1hZmUyLWRiYzA1ZDFiZDJlN9gCAeACAQ&aid=304142&ucfs=1&arphpl=1&checkin=2025-10-06&checkout=2025-10-07&dest_id=-3715887&dest_type=city&group_adults=2&req_adults=2&no_rooms=1&group_children=0&req_children=0&hpos=8&hapos=401&sr_order=popularity&srpvid=7ee339dd707602b5&srepoch=1759479372&all_sr_blocks=337340607_0_2_1_0&highlighted_blocks=337340607_0_2_1_0&matching_block_id=337340607_0_2_1_0&sr_pri_blocks=337340607_0_2_1_0__34845543&from=searchresults
Homestay Tự Do,400000,"Mon, Oct 6","Tue, Oct 7",,0,Hue,,N/A,https://www.booking.com/hotel/vn/homestay-tu-do-thanh-pho-hue.html?label=gen173nr-10CAEoggI46AdIM1gEaPQBiAEBmAEzuAEXyAEM2AED6AEB-AEBiAIBqAIBuAK78OPGBsACAdICJDg2NTdiNzM2LTFhYTYtNDAzNC1hZmUyLWRiYzA1ZDFiZDJlN9gCAeACAQ&aid=304142&ucfs=1&arphpl=1&checkin=2025-10-06&checkout=2025-10-07&dest_id=-3715887&dest_type=city&group_adults=2&req_adults=2&no_rooms=1&group_children=0&req_children=0&hpos=9&hapos=402&sr_order=popularity&srpvid=7ee339dd707602b5&srepoch=1759479372&all_sr_blocks=1418908101_413563879_2_0_0&highlighted_blocks=1418908101_413563879_2_0_0&matching_block_id=1418908101_413563879_2_0_0&sr_pri_blocks=1418908101_413563879_2_0_0__40000000&from=searchresults
"Hoa Vàng Homestay - Kim Long, Huế",2090000,"Mon, Oct 6","Tue, Oct 7",9.0,0,Hue,,Wonderful,https://www.booking.com/hotel/vn/hoa-vang-homestay.html?label=gen173nr-10CAEoggI46AdIM1gEaPQBiAEBmAEzuAEXyAEM2AED6AEB-AEBiAIBqAIBuAK78OPGBsACAdICJDg2NTdiNzM2LTFhYTYtNDAzNC1hZmUyLWRiYzA1ZDFiZDJlN9gCAeACAQ&aid=304142&ucfs=1&arphpl=1&checkin=2025-10-06&checkout=2025-10-07&dest_id=-3715887&dest_type=city&group_adults=2&req_adults=2&no_rooms=1&group_children=0&req_children=0&hpos=10&hapos=403&sr_order=popularity&srpvid=7ee339dd707602b5&srepoch=1759479372&all_sr_blocks=1229511804_404650051_6_0_0&highlighted_blocks=1229511804_404650051_6_0_0&matching_block_id=1229511804_404650051_6_0_0&sr_pri_blocks=1229511804_404650051_6_0_0__167200000&from=searchresults
La Holly Home,2479500,"Mon, Oct 6","Tue, Oct 7",9.7,0,Hue,4,Exceptional,https://www.booking.com/hotel/vn/la-holly-home.html?label=gen173nr-10CAEoggI46AdIM1gEaPQBiAEBmAEzuAEXyAEM2AED6AEB-AEBiAIBqAIBuAK78OPGBsACAdICJDg2NTdiNzM2LTFhYTYtNDAzNC1hZmUyLWRiYzA1ZDFiZDJlN9gCAeACAQ&aid=304142&ucfs=1&arphpl=1&checkin=2025-10-06&checkout=2025-10-07&dest_id=-3715887&dest_type=city&group_adults=2&req_adults=2&no_rooms=1&group_children=0&req_children=0&hpos=11&hapos=404&sr_order=popularity&srpvid=7ee339dd707602b5&srepoch=1759479372&all_sr_blocks=1170160801_420172903_5_0_0_717950&highlighted_blocks=1170160801_420172903_5_0_0_717950&matching_block_id=1170160801_420172903_5_0_0_717950&sr_pri_blocks=1170160801_420172903_5_0_0_717950_163647000&from=searchresults
Ngo Homestay,420000,"Mon, Oct 6","Tue, Oct 7",8.0,0,Hue,5,Very Good,https://www.booking.com/hotel/vn/ngo-homestay-thanh-pho-hue.html?label=gen173nr-10CAEoggI46AdIM1gEaPQBiAEBmAEzuAEXyAEM2AED6AEB-AEBiAIBqAIBuAK78OPGBsACAdICJDg2NTdiNzM2LTFhYTYtNDAzNC1hZmUyLWRiYzA1ZDFiZDJlN9gCAeACAQ&aid=304142&ucfs=1&arphpl=1&checkin=2025-10-06&checkout=2025-10-07&dest_id=-3715887&dest_type=city&group_adults=2&req_adults=2&no_rooms=1&group_children=0&req_children=0&hpos=12&hapos=405&sr_order=popularity&srpvid=7ee339dd707602b5&srepoch=1759479372&all_sr_blocks=1468506101_418168866_2_0_0&highlighted_blocks=1468506101_418168866_2_0_0&matching_block_id=1468506101_418168866_2_0_0&sr_pri_blocks=1468506101_418168866_2_0_0__37800000&from=searchresults
Nắng Homestay Huế,380000,"Mon, Oct 6","Tue, Oct 7",9.6,0,Hue,5,Exceptional,https://www.booking.com/hotel/vn/nang-homestay-hue.html?label=gen173nr-10CAEoggI46AdIM1gEaPQBiAEBmAEzuAEXyAEM2AED6AEB-AEBiAIBqAIBuAK78OPGBsACAdICJDg2NTdiNzM2LTFhYTYtNDAzNC1hZmUyLWRiYzA1ZDFiZDJlN9gCAeACAQ&aid=304142&ucfs=1&arphpl=1&checkin=2025-10-06&checkout=2025-10-07&dest_id=-3715887&dest_type=city&group_adults=2&req_adults=2&no_rooms=1&group_children=0&req_children=0&hpos=13&hapos=406&sr_order=popularity&srpvid=7ee339dd707602b5&srepoch=1759479372&all_sr_blocks=1335408701_406008209_2_0_0&highlighted_blocks=1335408701_406008209_2_0_0&matching_block_id=1335408701_406008209_2_0_0&sr_pri_blocks=1335408701_406008209_2_0_0__38000000&from=searchresults
Asia Hotel Hue,1573425,"Mon, Dec 1","Tue, Dec 2",8.6,4,Hue,35,Excellent,https://www.booking.com/hotel/vn/asia-hue.html?label=gen173nr-10CAEoggI46AdIM1gEaPQBiAEBmAEzuAEXyAEM2AED6AEB-AEBiAIBqAIBuAK78OPGBsACAdICJDg2NTdiNzM2LTFhYTYtNDAzNC1hZmUyLWRiYzA1ZDFiZDJlN9gCAeACAQ&aid=304142&ucfs=1&arphpl=1&checkin=2025-12-01&checkout=2025-12-02&dest_id=-3715887&dest_type=city&group_adults=2&req_adults=2&no_rooms=1&group_children=0&req_children=0&hpos=14&hapos=407&sr_order=popularity&srpvid=7ee339dd707602b5&srepoch=1759479372&all_sr_blocks=25089901_130043160_0_1_0&highlighted_blocks=25089901_130043160_0_1_0&matching_block_id=25089901_130043160_0_1_0&sr_pri_blocks=25089901_130043160_0_1_0__113286600&from=searchresults
Pilgrimage Wellness Retreat,9746100,"Mon, Oct 6","Tue, Oct 7",,5,Hue,,N/A,https://www.booking.com/hotel/vn/pilgrimage-wellness-retreat-thanh-pho-hue.html?label=gen173nr-10CAEoggI46AdIM1gEaPQBiAEBmAEzuAEXyAEM2AED6AEB-AEBiAIBqAIBuAK78OPGBsACAdICJDg2NTdiNzM2LTFhYTYtNDAzNC1hZmUyLWRiYzA1ZDFiZDJlN9gCAeACAQ&aid=304142&ucfs=1&arphpl=1&checkin=2025-10-06&checkout=2025-10-07&dest_id=-3715887&dest_type=city&group_adults=2&req_adults=2&no_rooms=1&group_children=0&req_children=0&hpos=15&hapos=408&sr_order=popularity&srpvid=7ee339dd707602b5&srepoch=1759479372&all_sr_blocks=454177604_164071634_2_1_0&highlighted_blocks=454177604_164071634_2_1_0&matching_block_id=454177604_164071634_2_1_0&sr_pri_blocks=454177604_164071634_2_1_0__791383300&from=searchresults
Tesla Home,810000,"Mon, Oct 6","Tue, Oct 7",,0,Hue,,N/A,https://www.booking.com/hotel/vn/tesla-home-hue.html?label=gen173nr-10CAEoggI46AdIM1gEaPQBiAEBmAEzuAEXyAEM2AED6AEB-AEBiAIBqAIBuAK78OPGBsACAdICJDg2NTdiNzM2LTFhYTYtNDAzNC1hZmUyLWRiYzA1ZDFiZDJlN9gCAeACAQ&aid=304142&ucfs=1&arphpl=1&checkin=2025-10-06&checkout=2025-10-07&dest_id=-3715887&dest_type=city&group_adults=2&req_adults=2&no_rooms=1&group_children=0&req_children=0&hpos=16&hapos=409&sr_order=popularity&srpvid=7ee339dd707602b5&srepoch=1759479372&all_sr_blocks=1390919001_411059641_4_0_0&highlighted_blocks=1390919001_411059641_4_0_0&matching_block_id=1390919001_411059641_4_0_0&sr_pri_blocks=1390919001_411059641_4_0_0__81000000&from=searchresults
AD41 Hue CS1,950000,"Mon, Oct 6","Tue, Oct 7",6.5,0,Hue,2,Review score,https://www.booking.com/hotel/vn/ad-41-hue-co-so-1-doan-an-dieu-duong-41-hue.html?label=gen173nr-10CAEoggI46AdIM1gEaPQBiAEBmAEzuAEXyAEM2AED6AEB-AEBiAIBqAIBuAK78OPGBsACAdICJDg2NTdiNzM2LTFhYTYtNDAzNC1hZmUyLWRiYzA1ZDFiZDJlN9gCAeACAQ&aid=304142&ucfs=1&arphpl=1&checkin=2025-10-06&checkout=2025-10-07&dest_id=-3715887&dest_type=city&group_adults=2&req_adults=2&no_rooms=1&group_children=0&req_children=0&hpos=17&hapos=410&sr_order=popularity&srpvid=7ee339dd707602b5&srepoch=1759479372&all_sr_blocks=596942905_405554212_3_0_0&highlighted_blocks=596942905_405554212_3_0_0&matching_block_id=596942905_405554212_3_0_0&sr_pri_blocks=596942905_405554212_3_0_0__95000000&from=searchresults
MUN HomeSTAY 3,550000,"Mon, Oct 6","Tue, Oct 7",9.8,0,Hue,7,Exceptional,https://www.booking.com/hotel/vn/mun-homestay-phong-40m2-danh-cho-hai-khach.html?label=gen173nr-10CAEoggI46AdIM1gEaPQBiAEBmAEzuAEXyAEM2AED6AEB-AEBiAIBqAIBuAK78OPGBsACAdICJDg2NTdiNzM2LTFhYTYtNDAzNC1hZmUyLWRiYzA1ZDFiZDJlN9gCAeACAQ&aid=304142&ucfs=1&arphpl=1&checkin=2025-10-06&checkout=2025-10-07&dest_id=-3715887&dest_type=city&group_adults=2&req_adults=2&no_rooms=1&group_children=0&req_children=0&hpos=18&hapos=411&sr_order=popularity&srpvid=7ee339dd707602b5&srepoch=1759479372&all_sr_blocks=1070090701_379523904_2_0_0&highlighted_blocks=1070090701_379523904_2_0_0&matching_block_id=1070090701_379523904_2_0_0&sr_pri_blocks=1070090701_379523904_2_0_0__55000000&from=searchresults
Blossom Homestay - Ha Mai,500000,"Mon, Oct 6","Tue, Oct 7",6.7,0,Hue,4,Review score,https://www.booking.com/hotel/vn/blossom-homestay-ha-mai.html?label=gen173nr-10CAEoggI46AdIM1gEaPQBiAEBmAEzuAEXyAEM2AED6AEB-AEBiAIBqAIBuAK78OPGBsACAdICJDg2NTdiNzM2LTFhYTYtNDAzNC1hZmUyLWRiYzA1ZDFiZDJlN9gCAeACAQ&aid=304142&ucfs=1&arphpl=1&checkin=2025-10-06&checkout=2025-10-07&dest_id=-3715887&dest_type=city&group_adults=2&req_adults=2&no_rooms=1&group_children=0&req_children=0&hpos=19&hapos=412&sr_order=popularity&srpvid=7ee339dd707602b5&srepoch=1759479372&all_sr_blocks=1260896702_398705240_2_0_0&highlighted_blocks=1260896702_398705240_2_0_0&matching_block_id=1260896702_398705240_2_0_0&sr_pri_blocks=1260896702_398705240_2_0_0__50000000&from=searchresults
Malloire House Hue,2975000,"Mon, Oct 6","Tue, Oct 7",9.7,4,Hue,11,Exceptional,https://www.booking.com/hotel/vn/malloire-house.html?label=gen173nr-10CAEoggI46AdIM1gEaPQBiAEBmAEzuAEXyAEM2AED6AEB-AEBiAIBqAIBuAK78OPGBsACAdICJDg2NTdiNzM2LTFhYTYtNDAzNC1hZmUyLWRiYzA1ZDFiZDJlN9gCAeACAQ&aid=304142&ucfs=1&arphpl=1&checkin=2025-10-06&checkout=2025-10-07&dest_id=-3715887&dest_type=city&group_adults=2&req_adults=2&no_rooms=1&group_children=0&req_children=0&hpos=20&hapos=413&sr_order=popularity&srpvid=7ee339dd707602b5&srepoch=1759479372&all_sr_blocks=1187331801_393087727_8_0_0&highlighted_blocks=1187331801_393087727_8_0_0&matching_block_id=1187331801_393087727_8_0_0&sr_pri_blocks=1187331801_393087727_8_0_0__267750000&from=searchresults
Happy House Apartment,1000000,"Mon, Dec 1","Tue, Dec 2",8.7,3,Hue,22,Excellent,https://www.booking.com/hotel/vn/happy-house-homestay-2.html?label=gen173nr-10CAEoggI46AdIM1gEaPQBiAEBmAEzuAEXyAEM2AED6AEB-AEBiAIBqAIBuAK78OPGBsACAdICJDg2NTdiNzM2LTFhYTYtNDAzNC1hZmUyLWRiYzA1ZDFiZDJlN9gCAeACAQ&aid=304142&ucfs=1&arphpl=1&checkin=2025-12-01&checkout=2025-12-02&dest_id=-3715887&dest_type=city&group_adults=2&req_adults=2&no_rooms=1&group_children=0&req_children=0&hpos=21&hapos=414&sr_order=popularity&srpvid=7ee339dd707602b5&srepoch=1759479372&all_sr_blocks=984509601_370862995_4_0_0&highlighted_blocks=984509601_370862995_4_0_0&matching_block_id=984509601_370862995_4_0_0&sr_pri_blocks=984509601_370862995_4_0_0__100000000&from=searchresults
Hồng Hà Guest House,339500,"Mon, Oct 6","Tue, Oct 7",7.6,3,Hue,19,Good,https://www.booking.com/hotel/vn/hong-ha-guest-house-thanh-pho-hue.html?label=gen173nr-10CAEoggI46AdIM1gEaPQBiAEBmAEzuAEXyAEM2AED6AEB-AEBiAIBqAIBuAK78OPGBsACAdICJDg2NTdiNzM2LTFhYTYtNDAzNC1hZmUyLWRiYzA1ZDFiZDJlN9gCAeACAQ&aid=304142&ucfs=1&arphpl=1&checkin=2025-10-06&checkout=2025-10-07&dest_id=-3715887&dest_type=city&group_adults=2&req_adults=2&no_rooms=1&group_children=0&req_children=0&hpos=22&hapos=415&sr_order=popularity&srpvid=7ee339dd707602b5&srepoch=1759479372&all_sr_blocks=1255945502_408344675_2_0_0&highlighted_blocks=1255945502_408344675_2_0_0&matching_block_id=1255945502_408344675_2_0_0&sr_pri_blocks=1255945502_408344675_2_0_0__33950000&from=searchresults
Champagne Homestay,665000,"Mon, Oct 6","Tue, Oct 7",,0,Hue,,N/A,https://www.booking.com/hotel/vn/champagne-homestay.html?label=gen173nr-10CAEoggI46AdIM1gEaPQBiAEBmAEzuAEXyAEM2AED6AEB-AEBiAIBqAIBuAK78OPGBsACAdICJDg2NTdiNzM2LTFhYTYtNDAzNC1hZmUyLWRiYzA1ZDFiZDJlN9gCAeACAQ&aid=304142&ucfs=1&arphpl=1&checkin=2025-10-06&checkout=2025-10-07&dest_id=-3715887&dest_type=city&group_adults=2&req_adults=2&no_rooms=1&group_children=0&req_children=0&hpos=23&hapos=416&sr_order=popularity&srpvid=7ee339dd707602b5&srepoch=1759479372&all_sr_blocks=1467763702_418099397_3_0_0&highlighted_blocks=1467763702_418099397_3_0_0&matching_block_id=1467763702_418099397_3_0_0&sr_pri_blocks=1467763702_418099397_3_0_0__53200000&from=searchresults
Ngọc Phương Anh Homestay Huế,858000,"Mon, Dec 1","Tue, Dec 2",9.7,0,Hue,39,Exceptional,https://www.booking.com/hotel/vn/homestay-ngoc-phuong-anh.html?label=gen173nr-10CAEoggI46AdIM1gEaPQBiAEBmAEzuAEXyAEM2AED6AEB-AEBiAIBqAIBuAK78OPGBsACAdICJDg2NTdiNzM2LTFhYTYtNDAzNC1hZmUyLWRiYzA1ZDFiZDJlN9gCAeACAQ&aid=304142&ucfs=1&arphpl=1&checkin=2025-12-01&checkout=2025-12-02&dest_id=-3715887&dest_type=city&group_adults=2&req_adults=2&no_rooms=1&group_children=0&req_children=0&hpos=24&hapos=417&sr_order=popularity&srpvid=7ee339dd707602b5&srepoch=1759479372&all_sr_blocks=1071951504_414855359_2_0_0_557092&highlighted_blocks=1071951504_414855359_2_0_0_557092&matching_block_id=1071951504_414855359_2_0_0_557092&sr_pri_blocks=1071951504_414855359_2_0_0_557092_29172000&from=searchresults
Hoài lộc homestay,807500,"Mon, Oct 6","Tue, Oct 7",,0,Hue,,N/A,https://www.booking.com/hotel/vn/july-homestay-hue.html?label=gen173nr-10CAEoggI46AdIM1gEaPQBiAEBmAEzuAEXyAEM2AED6AEB-AEBiAIBqAIBuAK78OPGBsACAdICJDg2NTdiNzM2LTFhYTYtNDAzNC1hZmUyLWRiYzA1ZDFiZDJlN9gCAeACAQ&aid=304142&ucfs=1&arphpl=1&checkin=2025-10-06&checkout=2025-10-07&dest_id=-3715887&dest_type=city&group_adults=2&req_adults=2&no_rooms=1&group_children=0&req_children=0&hpos=1&hapos=418&sr_order=popularity&srpvid=7ee339dd707602b5&srepoch=1759479383&all_sr_blocks=1216699901_393837292_2_0_0&highlighted_blocks=1216699901_393837292_2_0_0&matching_block_id=1216699901_393837292_2_0_0&sr_pri_blocks=1216699901_393837292_2_0_0__80750000&from=searchresults
Homestay Mộc Nhi,770000,"Mon, Oct 13","Tue, Oct 14",9.8,3,Hue,13,Exceptional,https://www.booking.com/hotel/vn/homestay-moc-nhi.html?label=gen173nr-10CAEoggI46AdIM1gEaPQBiAEBmAEzuAEXyAEM2AED6AEB-AEBiAIBqAIBuAK78OPGBsACAdICJDg2NTdiNzM2LTFhYTYtNDAzNC1hZmUyLWRiYzA1ZDFiZDJlN9gCAeACAQ&aid=304142&ucfs=1&arphpl=1&checkin=2025-10-13&checkout=2025-10-14&dest_id=-3715887&dest_type=city&group_adults=2&req_adults=2&no_rooms=1&group_children=0&req_children=0&hpos=2&hapos=419&sr_order=popularity&srpvid=7ee339dd707602b5&srepoch=1759479383&all_sr_blocks=1003828001_373153358_0_0_0&highlighted_blocks=1003828001_373153358_0_0_0&matching_block_id=1003828001_373153358_0_0_0&sr_pri_blocks=1003828001_373153358_0_0_0__77000000&from=searchresults
X O HOMESTAY Nera Apartment Huế,1020000,"Mon, Oct 6","Tue, Oct 7",,0,Hue,,N/A,https://www.booking.com/hotel/vn/x-o-homestay-nera-apartment-hue.html?label=gen173nr-10CAEoggI46AdIM1gEaPQBiAEBmAEzuAEXyAEM2AED6AEB-AEBiAIBqAIBuAK78OPGBsACAdICJDg2NTdiNzM2LTFhYTYtNDAzNC1hZmUyLWRiYzA1ZDFiZDJlN9gCAeACAQ&aid=304142&ucfs=1&arphpl=1&checkin=2025-10-06&checkout=2025-10-07&dest_id=-3715887&dest_type=city&group_adults=2&req_adults=2&no_rooms=1&group_children=0&req_children=0&hpos=3&hapos=420&sr_order=popularity&srpvid=7ee339dd707602b5&srepoch=1759479383&all_sr_blocks=1410051701_412766818_2_0_0_921804&highlighted_blocks=1410051701_412766818_2_0_0_921804&matching_block_id=1410051701_412766818_2_0_0_921804&sr_pri_blocks=1410051701_412766818_2_0_0_921804_102000000&from=searchresults
Châu Bảo An Homestay,12460000,"Mon, Oct 6","Tue, Oct 7",8.5,0,Hue,42,Very Good,https://www.booking.com/hotel/vn/chau-bao-an-homestay.html?label=gen173nr-10CAEoggI46AdIM1gEaPQBiAEBmAEzuAEXyAEM2AED6AEB-AEBiAIBqAIBuAK78OPGBsACAdICJDg2NTdiNzM2LTFhYTYtNDAzNC1hZmUyLWRiYzA1ZDFiZDJlN9gCAeACAQ&aid=304142&ucfs=1&arphpl=1&checkin=2025-10-06&checkout=2025-10-07&dest_id=-3715887&dest_type=city&group_adults=2&req_adults=2&no_rooms=1&group_children=0&req_children=0&hpos=4&hapos=421&sr_order=popularity&srpvid=7ee339dd707602b5&srepoch=1759479383&all_sr_blocks=1296724902_408500669_2_0_0_709456&highlighted_blocks=1296724902_408500669_2_0_0_709456&matching_block_id=1296724902_408500669_2_0_0_709456&sr_pri_blocks=1296724902_408500669_2_0_0_709456_461020000&from=searchresults
Hue thuong hotel,380000,"Mon, Oct 6","Tue, Oct 7",8.0,1,Hue,6,Very Good,https://www.booking.com/hotel/vn/hue-thuong.html?label=gen173nr-10CAEoggI46AdIM1gEaPQBiAEBmAEzuAEXyAEM2AED6AEB-AEBiAIBqAIBuAK78OPGBsACAdICJDg2NTdiNzM2LTFhYTYtNDAzNC1hZmUyLWRiYzA1ZDFiZDJlN9gCAeACAQ&aid=304142&ucfs=1&arphpl=1&checkin=2025-10-06&checkout=2025-10-07&dest_id=-3715887&dest_type=city&group_adults=2&req_adults=2&no_rooms=1&group_children=0&req_children=0&hpos=5&hapos=422&sr_order=popularity&srpvid=7ee339dd707602b5&srepoch=1759479383&all_sr_blocks=1074295401_379981545_2_0_0&highlighted_blocks=1074295401_379981545_2_0_0&matching_block_id=1074295401_379981545_2_0_0&sr_pri_blocks=1074295401_379981545_2_0_0__38000000&from=searchresults
Hue Riverside Boutique Resort & Spa,1067277,"Mon, Oct 6","Tue, Oct 7",7.9,4,Hue,26,Good,https://www.booking.com/hotel/vn/hue-riverside-resort.html?label=gen173nr-10CAEoggI46AdIM1gEaPQBiAEBmAEzuAEXyAEM2AED6AEB-AEBiAIBqAIBuAK78OPGBsACAdICJDg2NTdiNzM2LTFhYTYtNDAzNC1hZmUyLWRiYzA1ZDFiZDJlN9gCAeACAQ&aid=304142&ucfs=1&arphpl=1&checkin=2025-10-06&checkout=2025-10-07&dest_id=-3715887&dest_type=city&group_adults=2&req_adults=2&no_rooms=1&group_children=0&req_children=0&hpos=6&hapos=423&sr_order=popularity&srpvid=7ee339dd707602b5&srepoch=1759479383&all_sr_blocks=54010204_0_2_1_0&highlighted_blocks=54010204_0_2_1_0&matching_block_id=54010204_0_2_1_0&sr_pri_blocks=54010204_0_2_1_0__106727674&from=searchresults
Lam Bao Long Hotel,350000,"Mon, Oct 6","Tue, Oct 7",4.9,2,Hue,38,Review score,https://www.booking.com/hotel/vn/lam-bao-long.html?label=gen173nr-10CAEoggI46AdIM1gEaPQBiAEBmAEzuAEXyAEM2AED6AEB-AEBiAIBqAIBuAK78OPGBsACAdICJDg2NTdiNzM2LTFhYTYtNDAzNC1hZmUyLWRiYzA1ZDFiZDJlN9gCAeACAQ&aid=304142&ucfs=1&arphpl=1&checkin=2025-10-06&checkout=2025-10-07&dest_id=-3715887&dest_type=city&group_adults=2&req_adults=2&no_rooms=1&group_children=0&req_children=0&hpos=7&hapos=424&sr_order=popularity&srpvid=7ee339dd707602b5&srepoch=1759479383&all_sr_blocks=25821301_226073975_0_0_0&highlighted_blocks=25821301_226073975_0_0_0&matching_block_id=25821301_226073975_0_0_0&sr_pri_blocks=25821301_226073975_0_0_0__35000000&from=searchresults
Rose's House Hue,2300000,"Mon, Oct 6","Tue, Oct 7",,0,Hue,2,Exceptional,https://www.booking.com/hotel/vn/roses-house-hue.html?label=gen173nr-10CAEoggI46AdIM1gEaPQBiAEBmAEzuAEXyAEM2AED6AEB-AEBiAIBqAIBuAK78OPGBsACAdICJDg2NTdiNzM2LTFhYTYtNDAzNC1hZmUyLWRiYzA1ZDFiZDJlN9gCAeACAQ&aid=304142&ucfs=1&arphpl=1&checkin=2025-10-06&checkout=2025-10-07&dest_id=-3715887&dest_type=city&group_adults=2&req_adults=2&no_rooms=1&group_children=0&req_children=0&hpos=8&hapos=425&sr_order=popularity&srpvid=7ee339dd707602b5&srepoch=1759479383&all_sr_blocks=1202591501_392516633_5_0_0&highlighted_blocks=1202591501_392516633_5_0_0&matching_block_id=1202591501_392516633_5_0_0&sr_pri_blocks=1202591501_392516633_5_0_0__230000000&from=searchresults
Hue ECOGARDEN,1980000,"Mon, Oct 6","Tue, Oct 7",8.0,0,Hue,,Very Good,https://www.booking.com/hotel/vn/thao-house-ecogaren.html?label=gen173nr-10CAEoggI46AdIM1gEaPQBiAEBmAEzuAEXyAEM2AED6AEB-AEBiAIBqAIBuAK78OPGBsACAdICJDg2NTdiNzM2LTFhYTYtNDAzNC1hZmUyLWRiYzA1ZDFiZDJlN9gCAeACAQ&aid=304142&ucfs=1&arphpl=1&checkin=2025-10-06&checkout=2025-10-07&dest_id=-3715887&dest_type=city&group_adults=2&req_adults=2&no_rooms=1&group_children=0&req_children=0&hpos=9&hapos=426&sr_order=popularity&srpvid=7ee339dd707602b5&srepoch=1759479383&all_sr_blocks=1320995901_405120180_5_0_0&highlighted_blocks=1320995901_405120180_5_0_0&matching_block_id=1320995901_405120180_5_0_0&sr_pri_blocks=1320995901_405120180_5_0_0__198000000&from=searchresults
Central Hue homestay,600000,"Mon, Oct 6","Tue, Oct 7",6.4,0,Hue,12,Review score,https://www.booking.com/hotel/vn/the-wall-hue-homestay-hue1234567891011121314151617.html?label=gen173nr-10CAEoggI46AdIM1gEaPQBiAEBmAEzuAEXyAEM2AED6AEB-AEBiAIBqAIBuAK78OPGBsACAdICJDg2NTdiNzM2LTFhYTYtNDAzNC1hZmUyLWRiYzA1ZDFiZDJlN9gCAeACAQ&aid=304142&ucfs=1&arphpl=1&checkin=2025-10-06&checkout=2025-10-07&dest_id=-3715887&dest_type=city&group_adults=2&req_adults=2&no_rooms=1&group_children=0&req_children=0&hpos=10&hapos=427&sr_order=popularity&srpvid=7ee339dd707602b5&srepoch=1759479383&all_sr_blocks=557004605_327183556_4_0_0&highlighted_blocks=557004605_327183556_4_0_0&matching_block_id=557004605_327183556_4_0_0&sr_pri_blocks=557004605_327183556_4_0_0__60000000&from=searchresults
"Phòng một giường, có ban công, chổ đậu xe ô tô - Kenpia Homestay",420000,"Mon, Oct 6","Tue, Oct 7",8.0,0,Hue,,Very Good,https://www.booking.com/hotel/vn/ken-and-pi-hostel.html?label=gen173nr-10CAEoggI46AdIM1gEaPQBiAEBmAEzuAEXyAEM2AED6AEB-AEBiAIBqAIBuAK78OPGBsACAdICJDg2NTdiNzM2LTFhYTYtNDAzNC1hZmUyLWRiYzA1ZDFiZDJlN9gCAeACAQ&aid=304142&ucfs=1&arphpl=1&checkin=2025-10-06&checkout=2025-10-07&dest_id=-3715887&dest_type=city&group_adults=2&req_adults=2&no_rooms=1&group_children=0&req_children=0&hpos=11&hapos=428&sr_order=popularity&srpvid=7ee339dd707602b5&srepoch=1759479383&all_sr_blocks=1085940113_381539922_2_0_0&highlighted_blocks=1085940113_381539922_2_0_0&matching_block_id=1085940113_381539922_2_0_0&sr_pri_blocks=1085940113_381539922_2_0_0__37800000&from=searchresults
Hue Lotus Homestay,430000,"Mon, Oct 6","Tue, Oct 7",8.3,0,Hue,127,Very Good,https://www.booking.com/hotel/vn/hue-lotus.html?label=gen173nr-10CAEoggI46AdIM1gEaPQBiAEBmAEzuAEXyAEM2AED6AEB-AEBiAIBqAIBuAK78OPGBsACAdICJDg2NTdiNzM2LTFhYTYtNDAzNC1hZmUyLWRiYzA1ZDFiZDJlN9gCAeACAQ&aid=304142&ucfs=1&arphpl=1&checkin=2025-10-06&checkout=2025-10-07&dest_id=-3715887&dest_type=city&group_adults=2&req_adults=2&no_rooms=1&group_children=0&req_children=0&hpos=12&hapos=429&sr_order=popularity&srpvid=7ee339dd707602b5&srepoch=1759479383&all_sr_blocks=545178012_335387945_2_2_0_143964&highlighted_blocks=545178012_335387945_2_2_0_143964&matching_block_id=545178012_335387945_2_2_0_143964&sr_pri_blocks=545178012_335387945_2_2_0_143964_32250000&from=searchresults
Thẩn Thơ Homestay,366142,"Mon, Oct 6","Tue, Oct 7",,0,Hue,,N/A,https://www.booking.com/hotel/vn/than-tho-homestay.html?label=gen173nr-10CAEoggI46AdIM1gEaPQBiAEBmAEzuAEXyAEM2AED6AEB-AEBiAIBqAIBuAK78OPGBsACAdICJDg2NTdiNzM2LTFhYTYtNDAzNC1hZmUyLWRiYzA1ZDFiZDJlN9gCAeACAQ&aid=304142&ucfs=1&arphpl=1&checkin=2025-10-06&checkout=2025-10-07&dest_id=-3715887&dest_type=city&group_adults=2&req_adults=2&no_rooms=1&group_children=0&req_children=0&hpos=13&hapos=430&sr_order=popularity&srpvid=7ee339dd707602b5&srepoch=1759479383&all_sr_blocks=0_0_2_0_0&highlighted_blocks=0_0_2_0_0&matching_block_id=0_0_2_0_0&sr_pri_blocks=0_0_2_0_0__36614218&from=searchresults
Khách Sạn Phương Nhi,427500,"Mon, Oct 6","Tue, Oct 7",7.2,3,Hue,17,Good,https://www.booking.com/hotel/vn/khach-san-phuong-nhi.html?label=gen173nr-10CAEoggI46AdIM1gEaPQBiAEBmAEzuAEXyAEM2AED6AEB-AEBiAIBqAIBuAK78OPGBsACAdICJDg2NTdiNzM2LTFhYTYtNDAzNC1hZmUyLWRiYzA1ZDFiZDJlN9gCAeACAQ&aid=304142&ucfs=1&arphpl=1&checkin=2025-10-06&checkout=2025-10-07&dest_id=-3715887&dest_type=city&group_adults=2&req_adults=2&no_rooms=1&group_children=0&req_children=0&hpos=14&hapos=431&sr_order=popularity&srpvid=7ee339dd707602b5&srepoch=1759479383&all_sr_blocks=1249351401_397300154_2_2_0&highlighted_blocks=1249351401_397300154_2_2_0&matching_block_id=1249351401_397300154_2_2_0&sr_pri_blocks=1249351401_397300154_2_2_0__42750000&from=searchresults
AD 41 Hotel Huế CS2,600000,"Mon, Oct 6","Tue, Oct 7",5.0,2,Hue,5,Review score,https://www.booking.com/hotel/vn/add-hue-hue.html?label=gen173nr-10CAEoggI46AdIM1gEaPQBiAEBmAEzuAEXyAEM2AED6AEB-AEBiAIBqAIBuAK78OPGBsACAdICJDg2NTdiNzM2LTFhYTYtNDAzNC1hZmUyLWRiYzA1ZDFiZDJlN9gCAeACAQ&aid=304142&ucfs=1&arphpl=1&checkin=2025-10-06&checkout=2025-10-07&dest_id=-3715887&dest_type=city&group_adults=2&req_adults=2&no_rooms=1&group_children=0&req_children=0&hpos=15&hapos=432&sr_order=popularity&srpvid=7ee339dd707602b5&srepoch=1759479383&all_sr_blocks=562531702_211737700_2_0_0&highlighted_blocks=562531702_211737700_2_0_0&matching_block_id=562531702_211737700_2_0_0&sr_pri_blocks=562531702_211737700_2_0_0__60000000&from=searchresults
Nhật Phương Hotel,405000,"Mon, Oct 6","Tue, Oct 7",8.0,0,Hue,4,Very Good,https://www.booking.com/hotel/vn/nhat-phuong-thanh-pho-hue.html?label=gen173nr-10CAEoggI46AdIM1gEaPQBiAEBmAEzuAEXyAEM2AED6AEB-AEBiAIBqAIBuAK78OPGBsACAdICJDg2NTdiNzM2LTFhYTYtNDAzNC1hZmUyLWRiYzA1ZDFiZDJlN9gCAeACAQ&aid=304142&ucfs=1&arphpl=1&checkin=2025-10-06&checkout=2025-10-07&dest_id=-3715887&dest_type=city&group_adults=2&req_adults=2&no_rooms=1&group_children=0&req_children=0&hpos=16&hapos=433&sr_order=popularity&srpvid=7ee339dd707602b5&srepoch=1759479383&all_sr_blocks=862851602_354290015_2_42_0&highlighted_blocks=862851602_354290015_2_42_0&matching_block_id=862851602_354290015_2_42_0&sr_pri_blocks=862851602_354290015_2_42_0__40500000&from=searchresults
Metta Homestay Hue,850000,"Mon, Oct 6","Tue, Oct 7",9.1,0,Hue,15,Wonderful,https://www.booking.com/hotel/vn/metta-homestay-hue.html?label=gen173nr-10CAEoggI46AdIM1gEaPQBiAEBmAEzuAEXyAEM2AED6AEB-AEBiAIBqAIBuAK78OPGBsACAdICJDg2NTdiNzM2LTFhYTYtNDAzNC1hZmUyLWRiYzA1ZDFiZDJlN9gCAeACAQ&aid=304142&ucfs=1&arphpl=1&checkin=2025-10-06&checkout=2025-10-07&dest_id=-3715887&dest_type=city&group_adults=2&req_adults=2&no_rooms=1&group_children=0&req_children=0&hpos=17&hapos=434&sr_order=popularity&srpvid=7ee339dd707602b5&srepoch=1759479383&all_sr_blocks=900500703_360728136_2_0_0&highlighted_blocks=900500703_360728136_2_0_0&matching_block_id=900500703_360728136_2_0_0&sr_pri_blocks=900500703_360728136_2_0_0__85000000&from=searchresults
Victory Hotel,634611,"Mon, Oct 6","Tue, Oct 7",6.2,3,Hue,9,Review score,https://www.booking.com/hotel/vn/victory-hue.html?label=gen173nr-10CAEoggI46AdIM1gEaPQBiAEBmAEzuAEXyAEM2AED6AEB-AEBiAIBqAIBuAK78OPGBsACAdICJDg2NTdiNzM2LTFhYTYtNDAzNC1hZmUyLWRiYzA1ZDFiZDJlN9gCAeACAQ&aid=304142&ucfs=1&arphpl=1&checkin=2025-10-06&checkout=2025-10-07&dest_id=-3715887&dest_type=city&group_adults=2&req_adults=2&no_rooms=1&group_children=0&req_children=0&hpos=19&hapos=436&sr_order=popularity&srpvid=7ee339dd707602b5&srepoch=1759479383&all_sr_blocks=25114138_0_2_0_0&highlighted_blocks=25114138_0_2_0_0&matching_block_id=25114138_0_2_0_0&sr_pri_blocks=25114138_0_2_0_0__63461125&from=searchresults
This Huế,425000,"Mon, Oct 6","Tue, Oct 7",,0,Hue,,N/A,https://www.booking.com/hotel/vn/this-hue.html?label=gen173nr-10CAEoggI46AdIM1gEaPQBiAEBmAEzuAEXyAEM2AED6AEB-AEBiAIBqAIBuAK78OPGBsACAdICJDg2NTdiNzM2LTFhYTYtNDAzNC1hZmUyLWRiYzA1ZDFiZDJlN9gCAeACAQ&aid=304142&ucfs=1&arphpl=1&checkin=2025-10-06&checkout=2025-10-07&dest_id=-3715887&dest_type=city&group_adults=2&req_adults=2&no_rooms=1&group_children=0&req_children=0&hpos=20&hapos=437&sr_order=popularity&srpvid=7ee339dd707602b5&srepoch=1759479383&all_sr_blocks=1346988701_407057682_2_0_0&highlighted_blocks=1346988701_407057682_2_0_0&matching_block_id=1346988701_407057682_2_0_0&sr_pri_blocks=1346988701_407057682_2_0_0__34000000&from=searchresults
Perfume Homestay Huế,345816,"Mon, Oct 6","Tue, Oct 7",8.3,3,Hue,21,Very Good,https://www.booking.com/hotel/vn/perfume-homestay-hue.html?label=gen173nr-10CAEoggI46AdIM1gEaPQBiAEBmAEzuAEXyAEM2AED6AEB-AEBiAIBqAIBuAK78OPGBsACAdICJDg2NTdiNzM2LTFhYTYtNDAzNC1hZmUyLWRiYzA1ZDFiZDJlN9gCAeACAQ&aid=304142&ucfs=1&arphpl=1&checkin=2025-10-06&checkout=2025-10-07&dest_id=-3715887&dest_type=city&group_adults=2&req_adults=2&no_rooms=1&group_children=0&req_children=0&hpos=21&hapos=438&sr_order=popularity&srpvid=7ee339dd707602b5&srepoch=1759479383&all_sr_blocks=1270303105_0_2_0_0&highlighted_blocks=1270303105_0_2_0_0&matching_block_id=1270303105_0_2_0_0&sr_pri_blocks=1270303105_0_2_0_0__34581561&from=searchresults
Bạc Xỉu Home,792000,"Mon, Dec 22","Tue, Dec 23",,0,Hue,3,Exceptional,https://www.booking.com/hotel/vn/bac-xiu-home.html?label=gen173nr-10CAEoggI46AdIM1gEaPQBiAEBmAEzuAEXyAEM2AED6AEB-AEBiAIBqAIBuAK78OPGBsACAdICJDg2NTdiNzM2LTFhYTYtNDAzNC1hZmUyLWRiYzA1ZDFiZDJlN9gCAeACAQ&aid=304142&ucfs=1&arphpl=1&checkin=2025-12-22&checkout=2025-12-23&dest_id=-3715887&dest_type=city&group_adults=2&req_adults=2&no_rooms=1&group_children=0&req_children=0&hpos=22&hapos=439&sr_order=popularity&srpvid=7ee339dd707602b5&srepoch=1759479383&all_sr_blocks=1393844101_411477794_2_0_0&highlighted_blocks=1393844101_411477794_2_0_0&matching_block_id=1393844101_411477794_2_0_0&sr_pri_blocks=1393844101_411477794_2_0_0__79200000&from=searchresults
5.T Hostel,538200,"Mon, Oct 6","Tue, Oct 7",9.1,0,Hue,50,Wonderful,https://www.booking.com/hotel/vn/5-t-hostel-thanh-pho-hue.html?label=gen173nr-10CAEoggI46AdIM1gEaPQBiAEBmAEzuAEXyAEM2AED6AEB-AEBiAIBqAIBuAK78OPGBsACAdICJDg2NTdiNzM2LTFhYTYtNDAzNC1hZmUyLWRiYzA1ZDFiZDJlN9gCAeACAQ&aid=304142&ucfs=1&arphpl=1&checkin=2025-10-06&checkout=2025-10-07&dest_id=-3715887&dest_type=city&group_adults=2&req_adults=2&no_rooms=1&group_children=0&req_children=0&hpos=23&hapos=440&sr_order=popularity&srpvid=7ee339dd707602b5&srepoch=1759479383&all_sr_blocks=652102901_386189602_2_2_0&highlighted_blocks=652102901_386189602_2_2_0&matching_block_id=652102901_386189602_2_2_0&sr_pri_blocks=652102901_386189602_2_2_0__40365000&from=searchresults
Duy Tan 2 Hotel,705886,"Mon, Oct 13","Tue, Oct 14",8.9,3,Hue,16,Excellent,https://www.booking.com/hotel/vn/duy-tan-2.html?label=gen173nr-10CAEoggI46AdIM1gEaPQBiAEBmAEzuAEXyAEM2AED6AEB-AEBiAIBqAIBuAK78OPGBsACAdICJDg2NTdiNzM2LTFhYTYtNDAzNC1hZmUyLWRiYzA1ZDFiZDJlN9gCAeACAQ&aid=304142&ucfs=1&arphpl=1&checkin=2025-10-13&checkout=2025-10-14&dest_id=-3715887&dest_type=city&group_adults=2&req_adults=2&no_rooms=1&group_children=0&req_children=0&hpos=24&hapos=441&sr_order=popularity&srpvid=7ee339dd707602b5&srepoch=1759479383&all_sr_blocks=27002302_0_2_0_0&highlighted_blocks=27002302_0_2_0_0&matching_block_id=27002302_0_2_0_0&sr_pri_blocks=27002302_0_2_0_0__70588622&from=searchresults
Nấm's House,469095,"Mon, Oct 20","Tue, Oct 21",9.1,0,Hue,11,Wonderful,https://www.booking.com/hotel/vn/nams-house.html?label=gen173nr-10CAEoggI46AdIM1gEaPQBiAEBmAEzuAEXyAEM2AED6AEB-AEBiAIBqAIBuAK78OPGBsACAdICJDg2NTdiNzM2LTFhYTYtNDAzNC1hZmUyLWRiYzA1ZDFiZDJlN9gCAeACAQ&aid=304142&ucfs=1&arphpl=1&checkin=2025-10-20&checkout=2025-10-21&dest_id=-3715887&dest_type=city&group_adults=2&req_adults=2&no_rooms=1&group_children=0&req_children=0&hpos=25&hapos=442&sr_order=popularity&srpvid=7ee339dd707602b5&srepoch=1759479383&all_sr_blocks=0_0_2_0_0&highlighted_blocks=0_0_2_0_0&matching_block_id=0_0_2_0_0&sr_pri_blocks=0_0_2_0_0__46909492&from=searchresults
Bon's Homestay - NGUYÊN CĂN 3 phòng ngủ - Hai mặt tiền - Bãi đỗ xe có mái che miễn phí,2350000,"Mon, Oct 6","Tue, Oct 7",9.6,0,Hue,12,Exceptional,https://www.booking.com/hotel/vn/bons-homestay-hue1.html?label=gen173nr-10CAEoggI46AdIM1gEaPQBiAEBmAEzuAEXyAEM2AED6AEB-AEBiAIBqAIBuAK78OPGBsACAdICJDg2NTdiNzM2LTFhYTYtNDAzNC1hZmUyLWRiYzA1ZDFiZDJlN9gCAeACAQ&aid=304142&ucfs=1&arphpl=1&checkin=2025-10-06&checkout=2025-10-07&dest_id=-3715887&dest_type=city&group_adults=2&req_adults=2&no_rooms=1&group_children=0&req_children=0&hpos=1&hapos=443&sr_order=popularity&srpvid=7ee339dd707602b5&srepoch=1759479394&all_sr_blocks=993472301_391330134_0_0_0&highlighted_blocks=993472301_391330134_0_0_0&matching_block_id=993472301_391330134_0_0_0&sr_pri_blocks=993472301_391330134_0_0_0__235000000&from=searchresults
Chim Go Kien Mini Hotel,320000,"Mon, Oct 6","Tue, Oct 7",5.8,0,Hue,13,Review score,https://www.booking.com/hotel/vn/chim-go-kien-villa.html?label=gen173nr-10CAEoggI46AdIM1gEaPQBiAEBmAEzuAEXyAEM2AED6AEB-AEBiAIBqAIBuAK78OPGBsACAdICJDg2NTdiNzM2LTFhYTYtNDAzNC1hZmUyLWRiYzA1ZDFiZDJlN9gCAeACAQ&aid=304142&ucfs=1&arphpl=1&checkin=2025-10-06&checkout=2025-10-07&dest_id=-3715887&dest_type=city&group_adults=2&req_adults=2&no_rooms=1&group_children=0&req_children=0&hpos=2&hapos=444&sr_order=popularity&srpvid=7ee339dd707602b5&srepoch=1759479394&all_sr_blocks=154654001_130045928_2_0_0&highlighted_blocks=154654001_130045928_2_0_0&matching_block_id=154654001_130045928_2_0_0&sr_pri_blocks=154654001_130045928_2_0_0__32000000&from=searchresults
Sibling House,1948447,"Mon, Oct 13","Tue, Oct 14",,0,Hue,,Exceptional,https://www.booking.com/hotel/vn/sibling-house.html?label=gen173nr-10CAEoggI46AdIM1gEaPQBiAEBmAEzuAEXyAEM2AED6AEB-AEBiAIBqAIBuAK78OPGBsACAdICJDg2NTdiNzM2LTFhYTYtNDAzNC1hZmUyLWRiYzA1ZDFiZDJlN9gCAeACAQ&aid=304142&ucfs=1&arphpl=1&checkin=2025-10-13&checkout=2025-10-14&dest_id=-3715887&dest_type=city&group_adults=2&req_adults=2&no_rooms=1&group_children=0&req_children=0&hpos=3&hapos=445&sr_order=popularity&srpvid=7ee339dd707602b5&srepoch=1759479394&all_sr_blocks=0_0_2_0_0&highlighted_blocks=0_0_2_0_0&matching_block_id=0_0_2_0_0&sr_pri_blocks=0_0_2_0_0__194844660&from=searchresults
Healing Villa,6400000,"Mon, Oct 6","Tue, Oct 7",,0,Hue,,N/A,https://www.booking.com/hotel/vn/healing-villa.html?label=gen173nr-10CAEoggI46AdIM1gEaPQBiAEBmAEzuAEXyAEM2AED6AEB-AEBiAIBqAIBuAK78OPGBsACAdICJDg2NTdiNzM2LTFhYTYtNDAzNC1hZmUyLWRiYzA1ZDFiZDJlN9gCAeACAQ&aid=304142&ucfs=1&arphpl=1&checkin=2025-10-06&checkout=2025-10-07&dest_id=-3715887&dest_type=city&group_adults=2&req_adults=2&no_rooms=1&group_children=0&req_children=0&hpos=4&hapos=446&sr_order=popularity&srpvid=7ee339dd707602b5&srepoch=1759479394&all_sr_blocks=1346895901_407042879_20_1_0&highlighted_blocks=1346895901_407042879_20_1_0&matching_block_id=1346895901_407042879_20_1_0&sr_pri_blocks=1346895901_407042879_20_1_0__640000000&from=searchresults
Có 3 phòng ngủ ở gần nhau - Kenzpi House,1600000,"Mon, Oct 6","Tue, Oct 7",,0,Hue,3,Wonderful 9.0,https://www.booking.com/hotel/vn/ken-homestay-dau-nhieu-o-to.html?label=gen173nr-10CAEoggI46AdIM1gEaPQBiAEBmAEzuAEXyAEM2AED6AEB-AEBiAIBqAIBuAK78OPGBsACAdICJDg2NTdiNzM2LTFhYTYtNDAzNC1hZmUyLWRiYzA1ZDFiZDJlN9gCAeACAQ&aid=304142&ucfs=1&arphpl=1&checkin=2025-10-06&checkout=2025-10-07&dest_id=-3715887&dest_type=city&group_adults=2&req_adults=2&no_rooms=1&group_children=0&req_children=0&hpos=5&hapos=447&sr_order=popularity&srpvid=7ee339dd707602b5&srepoch=1759479394&all_sr_blocks=1077983317_380386813_5_0_0&highlighted_blocks=1077983317_380386813_5_0_0&matching_block_id=1077983317_380386813_5_0_0&sr_pri_blocks=1077983317_380386813_5_0_0__128000000&from=searchresults
JULIE's HOUSE - A LUXURY APARTMENT IN HUE,2025000,"Mon, Oct 6","Tue, Oct 7",,0,Hue,,N/A,https://www.booking.com/hotel/vn/julies-house-a-luxury-apartment-in-hue.html?label=gen173nr-10CAEoggI46AdIM1gEaPQBiAEBmAEzuAEXyAEM2AED6AEB-AEBiAIBqAIBuAK78OPGBsACAdICJDg2NTdiNzM2LTFhYTYtNDAzNC1hZmUyLWRiYzA1ZDFiZDJlN9gCAeACAQ&aid=304142&ucfs=1&arphpl=1&checkin=2025-10-06&checkout=2025-10-07&dest_id=-3715887&dest_type=city&group_adults=2&req_adults=2&no_rooms=1&group_children=0&req_children=0&hpos=6&hapos=448&sr_order=popularity&srpvid=7ee339dd707602b5&srepoch=1759479394&all_sr_blocks=1493542804_421009252_2_2_0&highlighted_blocks=1493542804_421009252_2_2_0&matching_block_id=1493542804_421009252_2_2_0&sr_pri_blocks=1493542804_421009252_2_2_0__111375000&from=searchresults
H&H Diamond Nail Guesthouse,648000,"Mon, Nov 3","Tue, Nov 4",9.0,0,Hue,18,Wonderful,https://www.booking.com/hotel/vn/h-amp-h-diamond-nail-guesthouse.html?label=gen173nr-10CAEoggI46AdIM1gEaPQBiAEBmAEzuAEXyAEM2AED6AEB-AEBiAIBqAIBuAK78OPGBsACAdICJDg2NTdiNzM2LTFhYTYtNDAzNC1hZmUyLWRiYzA1ZDFiZDJlN9gCAeACAQ&aid=304142&ucfs=1&arphpl=1&checkin=2025-11-03&checkout=2025-11-04&dest_id=-3715887&dest_type=city&group_adults=2&req_adults=2&no_rooms=1&group_children=0&req_children=0&hpos=7&hapos=449&sr_order=popularity&srpvid=7ee339dd707602b5&srepoch=1759479394&all_sr_blocks=1382792201_411729697_2_2_0&highlighted_blocks=1382792201_411729697_2_2_0&matching_block_id=1382792201_411729697_2_2_0&sr_pri_blocks=1382792201_411729697_2_2_0__58320000&from=searchresults
Homestay PHƯỢNG HOÀNG,1455000,"Mon, Oct 6","Tue, Oct 7",5.0,0,Hue,3,Review score,https://www.booking.com/hotel/vn/homestay-phuong-hoang.html?label=gen173nr-10CAEoggI46AdIM1gEaPQBiAEBmAEzuAEXyAEM2AED6AEB-AEBiAIBqAIBuAK78OPGBsACAdICJDg2NTdiNzM2LTFhYTYtNDAzNC1hZmUyLWRiYzA1ZDFiZDJlN9gCAeACAQ&aid=304142&ucfs=1&arphpl=1&checkin=2025-10-06&checkout=2025-10-07&dest_id=-3715887&dest_type=city&group_adults=2&req_adults=2&no_rooms=1&group_children=0&req_children=0&hpos=8&hapos=450&sr_order=popularity&srpvid=7ee339dd707602b5&srepoch=1759479394&all_sr_blocks=1402694901_412089230_3_0_0&highlighted_blocks=1402694901_412089230_3_0_0&matching_block_id=1402694901_412089230_3_0_0&sr_pri_blocks=1402694901_412089230_3_0_0__116400000&from=searchresults
Hue Classic Hotel,606000,"Mon, Oct 6","Tue, Oct 7",7.8,3,Hue,12,Good,https://www.booking.com/hotel/vn/hue-classic.html?label=gen173nr-10CAEoggI46AdIM1gEaPQBiAEBmAEzuAEXyAEM2AED6AEB-AEBiAIBqAIBuAK78OPGBsACAdICJDg2NTdiNzM2LTFhYTYtNDAzNC1hZmUyLWRiYzA1ZDFiZDJlN9gCAeACAQ&aid=304142&ucfs=1&arphpl=1&checkin=2025-10-06&checkout=2025-10-07&dest_id=-3715887&dest_type=city&group_adults=2&req_adults=2&no_rooms=1&group_children=0&req_children=0&hpos=9&hapos=451&sr_order=popularity&srpvid=7ee339dd707602b5&srepoch=1759479394&all_sr_blocks=592090705_347065658_2_0_0_163905&highlighted_blocks=592090705_347065658_2_0_0_163905&matching_block_id=592090705_347065658_2_0_0_163905&sr_pri_blocks=592090705_347065658_2_0_0_163905_42420000&from=searchresults
Hue - Modern Apt with Vietnamese inspired interior,890625,"Mon, Oct 6","Tue, Oct 7",,4,Hue,,Exceptional,https://www.booking.com/hotel/vn/hue-modern-apt-with-vietnamese-inspired-interior.html?label=gen173nr-10CAEoggI46AdIM1gEaPQBiAEBmAEzuAEXyAEM2AED6AEB-AEBiAIBqAIBuAK78OPGBsACAdICJDg2NTdiNzM2LTFhYTYtNDAzNC1hZmUyLWRiYzA1ZDFiZDJlN9gCAeACAQ&aid=304142&ucfs=1&arphpl=1&checkin=2025-10-06&checkout=2025-10-07&dest_id=-3715887&dest_type=city&group_adults=2&req_adults=2&no_rooms=1&group_children=0&req_children=0&hpos=10&hapos=452&sr_order=popularity&srpvid=7ee339dd707602b5&srepoch=1759479394&all_sr_blocks=1000470501_402854195_2_0_0&highlighted_blocks=1000470501_402854195_2_0_0&matching_block_id=1000470501_402854195_2_0_0&sr_pri_blocks=1000470501_402854195_2_0_0__89062500&from=searchresults
Hue Golden Inn Hotel,592902,"Mon, Oct 6","Tue, Oct 7",6.8,0,Hue,4,Review score,https://www.booking.com/hotel/vn/hue-golden-inn-thanh-pho-hue.html?label=gen173nr-10CAEoggI46AdIM1gEaPQBiAEBmAEzuAEXyAEM2AED6AEB-AEBiAIBqAIBuAK78OPGBsACAdICJDg2NTdiNzM2LTFhYTYtNDAzNC1hZmUyLWRiYzA1ZDFiZDJlN9gCAeACAQ&aid=304142&ucfs=1&arphpl=1&checkin=2025-10-06&checkout=2025-10-07&dest_id=-3715887&dest_type=city&group_adults=2&req_adults=2&no_rooms=1&group_children=0&req_children=0&hpos=12&hapos=454&sr_order=popularity&srpvid=7ee339dd707602b5&srepoch=1759479394&all_sr_blocks=930907402_0_2_0_0&highlighted_blocks=930907402_0_2_0_0&matching_block_id=930907402_0_2_0_0&sr_pri_blocks=930907402_0_2_0_0__59290219&from=searchresults
Căn hộ cao cấp Nera Garden,1020000,"Mon, Dec 15","Tue, Dec 16",9.5,0,Hue,2,Exceptional,https://www.booking.com/hotel/vn/can-ho-cao-cap-nera-garden-thanh-pho-hue.html?label=gen173nr-10CAEoggI46AdIM1gEaPQBiAEBmAEzuAEXyAEM2AED6AEB-AEBiAIBqAIBuAK78OPGBsACAdICJDg2NTdiNzM2LTFhYTYtNDAzNC1hZmUyLWRiYzA1ZDFiZDJlN9gCAeACAQ&aid=304142&ucfs=1&arphpl=1&checkin=2025-12-15&checkout=2025-12-16&dest_id=-3715887&dest_type=city&group_adults=2&req_adults=2&no_rooms=1&group_children=0&req_children=0&hpos=13&hapos=455&sr_order=popularity&srpvid=7ee339dd707602b5&srepoch=1759479394&all_sr_blocks=1395842101_411495839_2_0_0&highlighted_blocks=1395842101_411495839_2_0_0&matching_block_id=1395842101_411495839_2_0_0&sr_pri_blocks=1395842101_411495839_2_0_0__102000000&from=searchresults
Forest Tag - 60 Ham Nghi,450000,"Mon, Oct 6","Tue, Oct 7",,0,Hue,,N/A,https://www.booking.com/hotel/vn/forest-tag-60-ham-nghi.html?label=gen173nr-10CAEoggI46AdIM1gEaPQBiAEBmAEzuAEXyAEM2AED6AEB-AEBiAIBqAIBuAK78OPGBsACAdICJDg2NTdiNzM2LTFhYTYtNDAzNC1hZmUyLWRiYzA1ZDFiZDJlN9gCAeACAQ&aid=304142&ucfs=1&arphpl=1&checkin=2025-10-06&checkout=2025-10-07&dest_id=-3715887&dest_type=city&group_adults=2&req_adults=2&no_rooms=1&group_children=0&req_children=0&hpos=14&hapos=456&sr_order=popularity&srpvid=7ee339dd707602b5&srepoch=1759479394&all_sr_blocks=1498365502_421525603_3_0_0&highlighted_blocks=1498365502_421525603_3_0_0&matching_block_id=1498365502_421525603_3_0_0&sr_pri_blocks=1498365502_421525603_3_0_0__36000000&from=searchresults
Kemnpi Homestay,332500,"Mon, Oct 6","Tue, Oct 7",,0,Hue,,N/A,https://www.booking.com/hotel/vn/phong-co-giuong-rong-1-8m-kenzpi-homestay.html?label=gen173nr-10CAEoggI46AdIM1gEaPQBiAEBmAEzuAEXyAEM2AED6AEB-AEBiAIBqAIBuAK78OPGBsACAdICJDg2NTdiNzM2LTFhYTYtNDAzNC1hZmUyLWRiYzA1ZDFiZDJlN9gCAeACAQ&aid=304142&ucfs=1&arphpl=1&checkin=2025-10-06&checkout=2025-10-07&dest_id=-3715887&dest_type=city&group_adults=2&req_adults=2&no_rooms=1&group_children=0&req_children=0&hpos=15&hapos=457&sr_order=popularity&srpvid=7ee339dd707602b5&srepoch=1759479394&all_sr_blocks=1099739908_382833764_2_0_0&highlighted_blocks=1099739908_382833764_2_0_0&matching_block_id=1099739908_382833764_2_0_0&sr_pri_blocks=1099739908_382833764_2_0_0__29925000&from=searchresults
RICE HOUSE HUE,300000,"Mon, Nov 3","Tue, Nov 4",8.2,0,Hue,47,Very Good,https://www.booking.com/hotel/vn/rice-house-hue.html?label=gen173nr-10CAEoggI46AdIM1gEaPQBiAEBmAEzuAEXyAEM2AED6AEB-AEBiAIBqAIBuAK78OPGBsACAdICJDg2NTdiNzM2LTFhYTYtNDAzNC1hZmUyLWRiYzA1ZDFiZDJlN9gCAeACAQ&aid=304142&ucfs=1&arphpl=1&checkin=2025-11-03&checkout=2025-11-04&dest_id=-3715887&dest_type=city&group_adults=2&req_adults=2&no_rooms=1&group_children=0&req_children=0&hpos=16&hapos=458&sr_order=popularity&srpvid=7ee339dd707602b5&srepoch=1759479394&all_sr_blocks=1174936004_390052769_1_0_0%2C1174936004_390052769_1_0_0&highlighted_blocks=1174936004_390052769_1_0_0%2C1174936004_390052769_1_0_0&matching_block_id=1174936004_390052769_1_0_0&sr_pri_blocks=1174936004_390052769_1_0_0__15000000%2C1174936004_390052769_1_0_0__15000000&from=searchresults
Son Home Garden,1806000,"Mon, Oct 6","Tue, Oct 7",8.3,0,Hue,47,Very Good,https://www.booking.com/hotel/vn/son-home-garden.html?label=gen173nr-10CAEoggI46AdIM1gEaPQBiAEBmAEzuAEXyAEM2AED6AEB-AEBiAIBqAIBuAK78OPGBsACAdICJDg2NTdiNzM2LTFhYTYtNDAzNC1hZmUyLWRiYzA1ZDFiZDJlN9gCAeACAQ&aid=304142&ucfs=1&arphpl=1&checkin=2025-10-06&checkout=2025-10-07&dest_id=-3715887&dest_type=city&group_adults=2&req_adults=2&no_rooms=1&group_children=0&req_children=0&hpos=17&hapos=459&sr_order=popularity&srpvid=7ee339dd707602b5&srepoch=1759479394&all_sr_blocks=900225803_377854142_2_0_0&highlighted_blocks=900225803_377854142_2_0_0&matching_block_id=900225803_377854142_2_0_0&sr_pri_blocks=900225803_377854142_2_0_0__180600000&from=searchresults
"Kemnpib Homestay - NGUYÊN CĂN, đậu nhiều ô tô",1450000,"Mon, Oct 6","Tue, Oct 7",6.8,3,Hue,9,Review score,https://www.booking.com/hotel/vn/kenpi-homestay-2-nguyen-can-dau-nhieu-o-to.html?label=gen173nr-10CAEoggI46AdIM1gEaPQBiAEBmAEzuAEXyAEM2AED6AEB-AEBiAIBqAIBuAK78OPGBsACAdICJDg2NTdiNzM2LTFhYTYtNDAzNC1hZmUyLWRiYzA1ZDFiZDJlN9gCAeACAQ&aid=304142&ucfs=1&arphpl=1&checkin=2025-10-06&checkout=2025-10-07&dest_id=-3715887&dest_type=city&group_adults=2&req_adults=2&no_rooms=1&group_children=0&req_children=0&hpos=18&hapos=460&sr_order=popularity&srpvid=7ee339dd707602b5&srepoch=1759479394&all_sr_blocks=933253914_390613320_4_0_0&highlighted_blocks=933253914_390613320_4_0_0&matching_block_id=933253914_390613320_4_0_0&sr_pri_blocks=933253914_390613320_4_0_0__108750000&from=searchresults
Dạ Khê Hill,400000,"Mon, Oct 6","Tue, Oct 7",9.0,0,Hue,2,Wonderful,https://www.booking.com/hotel/vn/da-khe-hill-hue1.html?label=gen173nr-10CAEoggI46AdIM1gEaPQBiAEBmAEzuAEXyAEM2AED6AEB-AEBiAIBqAIBuAK78OPGBsACAdICJDg2NTdiNzM2LTFhYTYtNDAzNC1hZmUyLWRiYzA1ZDFiZDJlN9gCAeACAQ&aid=304142&ucfs=1&arphpl=1&checkin=2025-10-06&checkout=2025-10-07&dest_id=-3715887&dest_type=city&group_adults=2&req_adults=2&no_rooms=1&group_children=0&req_children=0&hpos=19&hapos=461&sr_order=popularity&srpvid=7ee339dd707602b5&srepoch=1759479394&all_sr_blocks=1150988801_387892479_2_0_0&highlighted_blocks=1150988801_387892479_2_0_0&matching_block_id=1150988801_387892479_2_0_0&sr_pri_blocks=1150988801_387892479_2_0_0__40000000&from=searchresults
Rusty Garage Homestay Huế,700000,"Mon, Oct 6","Tue, Oct 7",,0,Hue,,N/A,https://www.booking.com/hotel/vn/rusty-garage-homestay.html?label=gen173nr-10CAEoggI46AdIM1gEaPQBiAEBmAEzuAEXyAEM2AED6AEB-AEBiAIBqAIBuAK78OPGBsACAdICJDg2NTdiNzM2LTFhYTYtNDAzNC1hZmUyLWRiYzA1ZDFiZDJlN9gCAeACAQ&aid=304142&ucfs=1&arphpl=1&checkin=2025-10-06&checkout=2025-10-07&dest_id=-3715887&dest_type=city&group_adults=2&req_adults=2&no_rooms=1&group_children=0&req_children=0&hpos=20&hapos=462&sr_order=popularity&srpvid=7ee339dd707602b5&srepoch=1759479394&all_sr_blocks=1408238702_412598669_2_2_0&highlighted_blocks=1408238702_412598669_2_2_0&matching_block_id=1408238702_412598669_2_2_0&sr_pri_blocks=1408238702_412598669_2_2_0__70000000&from=searchresults
gold Homestay,840000,"Mon, Oct 6","Tue, Oct 7",9.3,0,Hue,3,Wonderful,https://www.booking.com/hotel/vn/homestay-july-thanh-pho-hue.html?label=gen173nr-10CAEoggI46AdIM1gEaPQBiAEBmAEzuAEXyAEM2AED6AEB-AEBiAIBqAIBuAK78OPGBsACAdICJDg2NTdiNzM2LTFhYTYtNDAzNC1hZmUyLWRiYzA1ZDFiZDJlN9gCAeACAQ&aid=304142&ucfs=1&arphpl=1&checkin=2025-10-06&checkout=2025-10-07&dest_id=-3715887&dest_type=city&group_adults=2&req_adults=2&no_rooms=1&group_children=0&req_children=0&hpos=21&hapos=463&sr_order=popularity&srpvid=7ee339dd707602b5&srepoch=1759479394&all_sr_blocks=1251143101_397606657_2_0_0&highlighted_blocks=1251143101_397606657_2_0_0&matching_block_id=1251143101_397606657_2_0_0&sr_pri_blocks=1251143101_397606657_2_0_0__84000000&from=searchresults
KempiB Homestay NGUYÊN CĂN - đậu nhiều ô tô,1700000,"Mon, Oct 6","Tue, Oct 7",8.2,0,Hue,12,Very Good,https://www.booking.com/hotel/vn/kenpi-homestay-ngay-trung-tam-dau-nhieu-o-to.html?label=gen173nr-10CAEoggI46AdIM1gEaPQBiAEBmAEzuAEXyAEM2AED6AEB-AEBiAIBqAIBuAK78OPGBsACAdICJDg2NTdiNzM2LTFhYTYtNDAzNC1hZmUyLWRiYzA1ZDFiZDJlN9gCAeACAQ&aid=304142&ucfs=1&arphpl=1&checkin=2025-10-06&checkout=2025-10-07&dest_id=-3715887&dest_type=city&group_adults=2&req_adults=2&no_rooms=1&group_children=0&req_children=0&hpos=22&hapos=464&sr_order=popularity&srpvid=7ee339dd707602b5&srepoch=1759479394&all_sr_blocks=969126519_390613366_5_0_0&highlighted_blocks=969126519_390613366_5_0_0&matching_block_id=969126519_390613366_5_0_0&sr_pri_blocks=969126519_390613366_5_0_0__136000000&from=searchresults
canary homestay-We love having you here! Nguyên căn,1800000,"Mon, Oct 13","Tue, Oct 14",8.0,0,Hue,,Very Good,https://www.booking.com/hotel/vn/canary-homestay-we-love-having-you-here.html?label=gen173nr-10CAEoggI46AdIM1gEaPQBiAEBmAEzuAEXyAEM2AED6AEB-AEBiAIBqAIBuAK78OPGBsACAdICJDg2NTdiNzM2LTFhYTYtNDAzNC1hZmUyLWRiYzA1ZDFiZDJlN9gCAeACAQ&aid=304142&ucfs=1&arphpl=1&checkin=2025-10-13&checkout=2025-10-14&dest_id=-3715887&dest_type=city&group_adults=2&req_adults=2&no_rooms=1&group_children=0&req_children=0&hpos=23&hapos=465&sr_order=popularity&srpvid=7ee339dd707602b5&srepoch=1759479394&all_sr_blocks=1180405101_403732273_5_0_0&highlighted_blocks=1180405101_403732273_5_0_0&matching_block_id=1180405101_403732273_5_0_0&sr_pri_blocks=1180405101_403732273_5_0_0__180000000&from=searchresults
Green Tara House,810000,"Mon, Oct 6","Tue, Oct 7",,0,Hue,,N/A,https://www.booking.com/hotel/vn/green-tara-house.html?label=gen173nr-10CAEoggI46AdIM1gEaPQBiAEBmAEzuAEXyAEM2AED6AEB-AEBiAIBqAIBuAK78OPGBsACAdICJDg2NTdiNzM2LTFhYTYtNDAzNC1hZmUyLWRiYzA1ZDFiZDJlN9gCAeACAQ&aid=304142&ucfs=1&arphpl=1&checkin=2025-10-06&checkout=2025-10-07&dest_id=-3715887&dest_type=city&group_adults=2&req_adults=2&no_rooms=1&group_children=0&req_children=0&hpos=24&hapos=466&sr_order=popularity&srpvid=7ee339dd707602b5&srepoch=1759479394&all_sr_blocks=1365290901_408820089_2_0_0&highlighted_blocks=1365290901_408820089_2_0_0&matching_block_id=1365290901_408820089_2_0_0&sr_pri_blocks=1365290901_408820089_2_0_0__81000000&from=searchresults
Rong's Home,1505000,"Mon, Oct 6","Tue, Oct 7",,0,Hue,2,Exceptional,https://www.booking.com/hotel/vn/rongs-home.html?label=gen173nr-10CAEoggI46AdIM1gEaPQBiAEBmAEzuAEXyAEM2AED6AEB-AEBiAIBqAIBuAK78OPGBsACAdICJDg2NTdiNzM2LTFhYTYtNDAzNC1hZmUyLWRiYzA1ZDFiZDJlN9gCAeACAQ&aid=304142&ucfs=1&arphpl=1&checkin=2025-10-06&checkout=2025-10-07&dest_id=-3715887&dest_type=city&group_adults=2&req_adults=2&no_rooms=1&group_children=0&req_children=0&hpos=25&hapos=467&sr_order=popularity&srpvid=7ee339dd707602b5&srepoch=1759479394&all_sr_blocks=1401937301_412030000_4_0_0&highlighted_blocks=1401937301_412030000_4_0_0&matching_block_id=1401937301_412030000_4_0_0&sr_pri_blocks=1401937301_412030000_4_0_0__150500000&from=searchresults
An Thư Home Garden,395972,"Mon, Oct 6","Tue, Oct 7",,0,Hue,,N/A,https://www.booking.com/hotel/vn/an-thu-home-garden.html?label=gen173nr-10CAEoggI46AdIM1gEaPQBiAEBmAEzuAEXyAEM2AED6AEB-AEBiAIBqAIBuAK78OPGBsACAdICJDg2NTdiNzM2LTFhYTYtNDAzNC1hZmUyLWRiYzA1ZDFiZDJlN9gCAeACAQ&aid=304142&ucfs=1&arphpl=1&checkin=2025-10-06&checkout=2025-10-07&dest_id=-3715887&dest_type=city&group_adults=2&req_adults=2&no_rooms=1&group_children=0&req_children=0&hpos=1&hapos=468&sr_order=popularity&srpvid=7ee339dd707602b5&srepoch=1759479406&all_sr_blocks=0_0_2_0_0&highlighted_blocks=0_0_2_0_0&matching_block_id=0_0_2_0_0&sr_pri_blocks=0_0_2_0_0__39597208&from=searchresults
mt home,396000,"Mon, Oct 6","Tue, Oct 7",5.0,0,Hue,2,Review score,https://www.booking.com/hotel/vn/mo-te-hue-homestay-2-thanh-pho-hue.html?label=gen173nr-10CAEoggI46AdIM1gEaPQBiAEBmAEzuAEXyAEM2AED6AEB-AEBiAIBqAIBuAK78OPGBsACAdICJDg2NTdiNzM2LTFhYTYtNDAzNC1hZmUyLWRiYzA1ZDFiZDJlN9gCAeACAQ&aid=304142&ucfs=1&arphpl=1&checkin=2025-10-06&checkout=2025-10-07&dest_id=-3715887&dest_type=city&group_adults=2&req_adults=2&no_rooms=1&group_children=0&req_children=0&hpos=2&hapos=469&sr_order=popularity&srpvid=7ee339dd707602b5&srepoch=1759479406&all_sr_blocks=1258320001_398396897_2_0_0&highlighted_blocks=1258320001_398396897_2_0_0&matching_block_id=1258320001_398396897_2_0_0&sr_pri_blocks=1258320001_398396897_2_0_0__39600000&from=searchresults
Nhat Long Homestay,320473,"Mon, Oct 6","Tue, Oct 7",9.3,0,Hue,12,Wonderful,https://www.booking.com/hotel/vn/nhat-long-homestay.html?label=gen173nr-10CAEoggI46AdIM1gEaPQBiAEBmAEzuAEXyAEM2AED6AEB-AEBiAIBqAIBuAK78OPGBsACAdICJDg2NTdiNzM2LTFhYTYtNDAzNC1hZmUyLWRiYzA1ZDFiZDJlN9gCAeACAQ&aid=304142&ucfs=1&arphpl=1&checkin=2025-10-06&checkout=2025-10-07&dest_id=-3715887&dest_type=city&group_adults=2&req_adults=2&no_rooms=1&group_children=0&req_children=0&hpos=3&hapos=470&sr_order=popularity&srpvid=7ee339dd707602b5&srepoch=1759479406&all_sr_blocks=1128235701_0_2_0_0&highlighted_blocks=1128235701_0_2_0_0&matching_block_id=1128235701_0_2_0_0&sr_pri_blocks=1128235701_0_2_0_0__32047340&from=searchresults
Little Home - Nera Garden Hue,1080000,"Mon, Oct 13","Tue, Oct 14",,3,Hue,3,Exceptional,https://www.booking.com/hotel/vn/little-home-nera-garden-hue.html?label=gen173nr-10CAEoggI46AdIM1gEaPQBiAEBmAEzuAEXyAEM2AED6AEB-AEBiAIBqAIBuAK78OPGBsACAdICJDg2NTdiNzM2LTFhYTYtNDAzNC1hZmUyLWRiYzA1ZDFiZDJlN9gCAeACAQ&aid=304142&ucfs=1&arphpl=1&checkin=2025-10-13&checkout=2025-10-14&dest_id=-3715887&dest_type=city&group_adults=2&req_adults=2&no_rooms=1&group_children=0&req_children=0&hpos=4&hapos=471&sr_order=popularity&srpvid=7ee339dd707602b5&srepoch=1759479406&all_sr_blocks=1390382201_411013441_5_0_0&highlighted_blocks=1390382201_411013441_5_0_0&matching_block_id=1390382201_411013441_5_0_0&sr_pri_blocks=1390382201_411013441_5_0_0__108000000&from=searchresults
Bao Minh Hotel,300000,"Mon, Oct 6","Tue, Oct 7",7.0,1,Hue,38,Good,https://www.booking.com/hotel/vn/bao-minh.html?label=gen173nr-10CAEoggI46AdIM1gEaPQBiAEBmAEzuAEXyAEM2AED6AEB-AEBiAIBqAIBuAK78OPGBsACAdICJDg2NTdiNzM2LTFhYTYtNDAzNC1hZmUyLWRiYzA1ZDFiZDJlN9gCAeACAQ&aid=304142&ucfs=1&arphpl=1&checkin=2025-10-06&checkout=2025-10-07&dest_id=-3715887&dest_type=city&group_adults=2&req_adults=2&no_rooms=1&group_children=0&req_children=0&hpos=5&hapos=472&sr_order=popularity&srpvid=7ee339dd707602b5&srepoch=1759479406&all_sr_blocks=43081302_190281533_0_2_0&highlighted_blocks=43081302_190281533_0_2_0&matching_block_id=43081302_190281533_0_2_0&sr_pri_blocks=43081302_190281533_0_2_0__30000000&from=searchresults
Gao Homestay - Venuestay,2200000,"Mon, Oct 6","Tue, Oct 7",,3,Hue,,N/A,https://www.booking.com/hotel/vn/gao-homestay-venuestay.html?label=gen173nr-10CAEoggI46AdIM1gEaPQBiAEBmAEzuAEXyAEM2AED6AEB-AEBiAIBqAIBuAK78OPGBsACAdICJDg2NTdiNzM2LTFhYTYtNDAzNC1hZmUyLWRiYzA1ZDFiZDJlN9gCAeACAQ&aid=304142&ucfs=1&arphpl=1&checkin=2025-10-06&checkout=2025-10-07&dest_id=-3715887&dest_type=city&group_adults=2&req_adults=2&no_rooms=1&group_children=0&req_children=0&hpos=6&hapos=473&sr_order=popularity&srpvid=7ee339dd707602b5&srepoch=1759479406&all_sr_blocks=1195230701_391851501_4_0_0&highlighted_blocks=1195230701_391851501_4_0_0&matching_block_id=1195230701_391851501_4_0_0&sr_pri_blocks=1195230701_391851501_4_0_0__220000000&from=searchresults
Beer Homestay Nera Garden Hue,765000,"Mon, Oct 6","Tue, Oct 7",7.0,0,Hue,,Good,https://www.booking.com/hotel/vn/mai-suong-nera-apartment.html?label=gen173nr-10CAEoggI46AdIM1gEaPQBiAEBmAEzuAEXyAEM2AED6AEB-AEBiAIBqAIBuAK78OPGBsACAdICJDg2NTdiNzM2LTFhYTYtNDAzNC1hZmUyLWRiYzA1ZDFiZDJlN9gCAeACAQ&aid=304142&ucfs=1&arphpl=1&checkin=2025-10-06&checkout=2025-10-07&dest_id=-3715887&dest_type=city&group_adults=2&req_adults=2&no_rooms=1&group_children=0&req_children=0&hpos=7&hapos=474&sr_order=popularity&srpvid=7ee339dd707602b5&srepoch=1759479406&all_sr_blocks=1395443901_411453995_2_0_0&highlighted_blocks=1395443901_411453995_2_0_0&matching_block_id=1395443901_411453995_2_0_0&sr_pri_blocks=1395443901_411453995_2_0_0__76500000&from=searchresults
Topview homestay view ôm trọn thành phố Huế,900000,"Mon, Oct 6","Tue, Oct 7",,0,Hue,,N/A,https://www.booking.com/hotel/vn/topview-homestay-view-om-tron-thanh-pho-hue.html?label=gen173nr-10CAEoggI46AdIM1gEaPQBiAEBmAEzuAEXyAEM2AED6AEB-AEBiAIBqAIBuAK78OPGBsACAdICJDg2NTdiNzM2LTFhYTYtNDAzNC1hZmUyLWRiYzA1ZDFiZDJlN9gCAeACAQ&aid=304142&ucfs=1&arphpl=1&checkin=2025-10-06&checkout=2025-10-07&dest_id=-3715887&dest_type=city&group_adults=2&req_adults=2&no_rooms=1&group_children=0&req_children=0&hpos=8&hapos=475&sr_order=popularity&srpvid=7ee339dd707602b5&srepoch=1759479406&all_sr_blocks=1414879101_413202226_2_0_0&highlighted_blocks=1414879101_413202226_2_0_0&matching_block_id=1414879101_413202226_2_0_0&sr_pri_blocks=1414879101_413202226_2_0_0__72000000&from=searchresults
We homestay - 4 bedrooms entire house,1200000,"Mon, Oct 6","Tue, Oct 7",,0,Hue,,N/A,https://www.booking.com/hotel/vn/we-homestay-4-bedrooms-entire-house.html?label=gen173nr-10CAEoggI46AdIM1gEaPQBiAEBmAEzuAEXyAEM2AED6AEB-AEBiAIBqAIBuAK78OPGBsACAdICJDg2NTdiNzM2LTFhYTYtNDAzNC1hZmUyLWRiYzA1ZDFiZDJlN9gCAeACAQ&aid=304142&ucfs=1&arphpl=1&checkin=2025-10-06&checkout=2025-10-07&dest_id=-3715887&dest_type=city&group_adults=2&req_adults=2&no_rooms=1&group_children=0&req_children=0&hpos=9&hapos=476&sr_order=popularity&srpvid=7ee339dd707602b5&srepoch=1759479406&all_sr_blocks=1496695101_421345595_4_0_0&highlighted_blocks=1496695101_421345595_4_0_0&matching_block_id=1496695101_421345595_4_0_0&sr_pri_blocks=1496695101_421345595_4_0_0__96000000&from=searchresults
Timi Homestay,600000,"Mon, Nov 3","Tue, Nov 4",,0,Hue,2,Exceptional,https://www.booking.com/hotel/vn/timi-homestay-thanh-pho-hue.html?label=gen173nr-10CAEoggI46AdIM1gEaPQBiAEBmAEzuAEXyAEM2AED6AEB-AEBiAIBqAIBuAK78OPGBsACAdICJDg2NTdiNzM2LTFhYTYtNDAzNC1hZmUyLWRiYzA1ZDFiZDJlN9gCAeACAQ&aid=304142&ucfs=1&arphpl=1&checkin=2025-11-03&checkout=2025-11-04&dest_id=-3715887&dest_type=city&group_adults=2&req_adults=2&no_rooms=1&group_children=0&req_children=0&hpos=10&hapos=477&sr_order=popularity&srpvid=7ee339dd707602b5&srepoch=1759479406&all_sr_blocks=1316001603_411497173_2_0_0&highlighted_blocks=1316001603_411497173_2_0_0&matching_block_id=1316001603_411497173_2_0_0&sr_pri_blocks=1316001603_411497173_2_0_0__60000000&from=searchresults
Full House Apartment,2500000,"Mon, Oct 6","Tue, Oct 7",,3,Hue,,Exceptional,https://www.booking.com/hotel/vn/full-house-apartment-thanh-pho-hue.html?label=gen173nr-10CAEoggI46AdIM1gEaPQBiAEBmAEzuAEXyAEM2AED6AEB-AEBiAIBqAIBuAK78OPGBsACAdICJDg2NTdiNzM2LTFhYTYtNDAzNC1hZmUyLWRiYzA1ZDFiZDJlN9gCAeACAQ&aid=304142&ucfs=1&arphpl=1&checkin=2025-10-06&checkout=2025-10-07&dest_id=-3715887&dest_type=city&group_adults=2&req_adults=2&no_rooms=1&group_children=0&req_children=0&hpos=11&hapos=478&sr_order=popularity&srpvid=7ee339dd707602b5&srepoch=1759479406&all_sr_blocks=1182271601_390652134_14_0_0&highlighted_blocks=1182271601_390652134_14_0_0&matching_block_id=1182271601_390652134_14_0_0&sr_pri_blocks=1182271601_390652134_14_0_0__250000000&from=searchresults
Êm Home 3 Bedrooms,1600000,"Mon, Oct 6","Tue, Oct 7",8.0,0,Hue,,Very Good,https://www.booking.com/hotel/vn/em-homes.html?label=gen173nr-10CAEoggI46AdIM1gEaPQBiAEBmAEzuAEXyAEM2AED6AEB-AEBiAIBqAIBuAK78OPGBsACAdICJDg2NTdiNzM2LTFhYTYtNDAzNC1hZmUyLWRiYzA1ZDFiZDJlN9gCAeACAQ&aid=304142&ucfs=1&arphpl=1&checkin=2025-10-06&checkout=2025-10-07&dest_id=-3715887&dest_type=city&group_adults=2&req_adults=2&no_rooms=1&group_children=0&req_children=0&hpos=12&hapos=479&sr_order=popularity&srpvid=7ee339dd707602b5&srepoch=1759479406&all_sr_blocks=1084236701_381327411_2_0_0&highlighted_blocks=1084236701_381327411_2_0_0&matching_block_id=1084236701_381327411_2_0_0&sr_pri_blocks=1084236701_381327411_2_0_0__160000000&from=searchresults
Hue Railway Hotel,450000,"Mon, Oct 6","Tue, Oct 7",6.2,1,Hue,24,Review score,https://www.booking.com/hotel/vn/hue-railway.html?label=gen173nr-10CAEoggI46AdIM1gEaPQBiAEBmAEzuAEXyAEM2AED6AEB-AEBiAIBqAIBuAK78OPGBsACAdICJDg2NTdiNzM2LTFhYTYtNDAzNC1hZmUyLWRiYzA1ZDFiZDJlN9gCAeACAQ&aid=304142&ucfs=1&arphpl=1&checkin=2025-10-06&checkout=2025-10-07&dest_id=-3715887&dest_type=city&group_adults=2&req_adults=2&no_rooms=1&group_children=0&req_children=0&hpos=13&hapos=480&sr_order=popularity&srpvid=7ee339dd707602b5&srepoch=1759479406&all_sr_blocks=426298601_335455651_2_0_0&highlighted_blocks=426298601_335455651_2_0_0&matching_block_id=426298601_335455651_2_0_0&sr_pri_blocks=426298601_335455651_2_0_0__45000000&from=searchresults
Nhà Lười,350000,"Mon, Oct 6","Tue, Oct 7",9.3,0,Hue,7,Wonderful,https://www.booking.com/hotel/vn/nha-luoi.html?label=gen173nr-10CAEoggI46AdIM1gEaPQBiAEBmAEzuAEXyAEM2AED6AEB-AEBiAIBqAIBuAK78OPGBsACAdICJDg2NTdiNzM2LTFhYTYtNDAzNC1hZmUyLWRiYzA1ZDFiZDJlN9gCAeACAQ&aid=304142&ucfs=1&arphpl=1&checkin=2025-10-06&checkout=2025-10-07&dest_id=-3715887&dest_type=city&group_adults=2&req_adults=2&no_rooms=1&group_children=0&req_children=0&hpos=14&hapos=481&sr_order=popularity&srpvid=7ee339dd707602b5&srepoch=1759479406&all_sr_blocks=1338098004_406667557_2_0_0&highlighted_blocks=1338098004_406667557_2_0_0&matching_block_id=1338098004_406667557_2_0_0&sr_pri_blocks=1338098004_406667557_2_0_0__35000000&from=searchresults
Le Home,400000,"Mon, Oct 6","Tue, Oct 7",7.8,0,Hue,7,Good,https://www.booking.com/hotel/vn/nha-nghi-b-amp-b-hue.html?label=gen173nr-10CAEoggI46AdIM1gEaPQBiAEBmAEzuAEXyAEM2AED6AEB-AEBiAIBqAIBuAK78OPGBsACAdICJDg2NTdiNzM2LTFhYTYtNDAzNC1hZmUyLWRiYzA1ZDFiZDJlN9gCAeACAQ&aid=304142&ucfs=1&arphpl=1&checkin=2025-10-06&checkout=2025-10-07&dest_id=-3715887&dest_type=city&group_adults=2&req_adults=2&no_rooms=1&group_children=0&req_children=0&hpos=15&hapos=482&sr_order=popularity&srpvid=7ee339dd707602b5&srepoch=1759479406&all_sr_blocks=561728703_392045035_2_0_0&highlighted_blocks=561728703_392045035_2_0_0&matching_block_id=561728703_392045035_2_0_0&sr_pri_blocks=561728703_392045035_2_0_0__40000000&from=searchresults
Nhà Yên,3325000,"Mon, Oct 6","Tue, Oct 7",,0,Hue,,N/A,https://www.booking.com/hotel/vn/nha-yen-hue.html?label=gen173nr-10CAEoggI46AdIM1gEaPQBiAEBmAEzuAEXyAEM2AED6AEB-AEBiAIBqAIBuAK78OPGBsACAdICJDg2NTdiNzM2LTFhYTYtNDAzNC1hZmUyLWRiYzA1ZDFiZDJlN9gCAeACAQ&aid=304142&ucfs=1&arphpl=1&checkin=2025-10-06&checkout=2025-10-07&dest_id=-3715887&dest_type=city&group_adults=2&req_adults=2&no_rooms=1&group_children=0&req_children=0&hpos=16&hapos=483&sr_order=popularity&srpvid=7ee339dd707602b5&srepoch=1759479406&all_sr_blocks=1350664201_407562904_10_0_0&highlighted_blocks=1350664201_407562904_10_0_0&matching_block_id=1350664201_407562904_10_0_0&sr_pri_blocks=1350664201_407562904_10_0_0__332500000&from=searchresults
Jerry house - Private House in the City center,2500000,"Mon, Oct 6","Tue, Oct 7",,0,Hue,,N/A,https://www.booking.com/hotel/vn/jerry-house-private-house-in-the-city-center.html?label=gen173nr-10CAEoggI46AdIM1gEaPQBiAEBmAEzuAEXyAEM2AED6AEB-AEBiAIBqAIBuAK78OPGBsACAdICJDg2NTdiNzM2LTFhYTYtNDAzNC1hZmUyLWRiYzA1ZDFiZDJlN9gCAeACAQ&aid=304142&ucfs=1&arphpl=1&checkin=2025-10-06&checkout=2025-10-07&dest_id=-3715887&dest_type=city&group_adults=2&req_adults=2&no_rooms=1&group_children=0&req_children=0&hpos=17&hapos=484&sr_order=popularity&srpvid=7ee339dd707602b5&srepoch=1759479406&all_sr_blocks=1425928801_414187313_6_0_0&highlighted_blocks=1425928801_414187313_6_0_0&matching_block_id=1425928801_414187313_6_0_0&sr_pri_blocks=1425928801_414187313_6_0_0__250000000&from=searchresults
Châu Gia Homestay,760000,"Mon, Oct 6","Tue, Oct 7",,0,Hue,3,Exceptional 10,https://www.booking.com/hotel/vn/chau-gia-homestay-hue1.html?label=gen173nr-10CAEoggI46AdIM1gEaPQBiAEBmAEzuAEXyAEM2AED6AEB-AEBiAIBqAIBuAK78OPGBsACAdICJDg2NTdiNzM2LTFhYTYtNDAzNC1hZmUyLWRiYzA1ZDFiZDJlN9gCAeACAQ&aid=304142&ucfs=1&arphpl=1&checkin=2025-10-06&checkout=2025-10-07&dest_id=-3715887&dest_type=city&group_adults=2&req_adults=2&no_rooms=1&group_children=0&req_children=0&hpos=18&hapos=485&sr_order=popularity&srpvid=7ee339dd707602b5&srepoch=1759479406&all_sr_blocks=1357945001_408132667_2_0_0&highlighted_blocks=1357945001_408132667_2_0_0&matching_block_id=1357945001_408132667_2_0_0&sr_pri_blocks=1357945001_408132667_2_0_0__76000000&from=searchresults
MUN HOMESTAY,960000,"Mon, Dec 1","Tue, Dec 2",8.5,0,Hue,2,Very Good,https://www.booking.com/hotel/vn/mun-homestay-hue.html?label=gen173nr-10CAEoggI46AdIM1gEaPQBiAEBmAEzuAEXyAEM2AED6AEB-AEBiAIBqAIBuAK78OPGBsACAdICJDg2NTdiNzM2LTFhYTYtNDAzNC1hZmUyLWRiYzA1ZDFiZDJlN9gCAeACAQ&aid=304142&ucfs=1&arphpl=1&checkin=2025-12-01&checkout=2025-12-02&dest_id=-3715887&dest_type=city&group_adults=2&req_adults=2&no_rooms=1&group_children=0&req_children=0&hpos=19&hapos=486&sr_order=popularity&srpvid=7ee339dd707602b5&srepoch=1759479406&all_sr_blocks=1067987801_379259586_2_0_0&highlighted_blocks=1067987801_379259586_2_0_0&matching_block_id=1067987801_379259586_2_0_0&sr_pri_blocks=1067987801_379259586_2_0_0__96000000&from=searchresults
Minh Hiếu Hotel,475000,"Mon, Oct 6","Tue, Oct 7",,2,Hue,,Exceptional,https://www.booking.com/hotel/vn/minh-hieu-hue.html?label=gen173nr-10CAEoggI46AdIM1gEaPQBiAEBmAEzuAEXyAEM2AED6AEB-AEBiAIBqAIBuAK78OPGBsACAdICJDg2NTdiNzM2LTFhYTYtNDAzNC1hZmUyLWRiYzA1ZDFiZDJlN9gCAeACAQ&aid=304142&ucfs=1&arphpl=1&checkin=2025-10-06&checkout=2025-10-07&dest_id=-3715887&dest_type=city&group_adults=2&req_adults=2&no_rooms=1&group_children=0&req_children=0&hpos=20&hapos=487&sr_order=popularity&srpvid=7ee339dd707602b5&srepoch=1759479406&all_sr_blocks=1241339601_396046854_2_0_0&highlighted_blocks=1241339601_396046854_2_0_0&matching_block_id=1241339601_396046854_2_0_0&sr_pri_blocks=1241339601_396046854_2_0_0__47500000&from=searchresults
Nhà Nghỉ Hoa Cúc Xanh Lừa Đảo,250000,"Mon, Oct 6","Tue, Oct 7",1.0,0,Hue,3,Review score,https://www.booking.com/hotel/vn/nha-nghi-hoa-cuc-xanh-thanh-pho-hue.html?label=gen173nr-10CAEoggI46AdIM1gEaPQBiAEBmAEzuAEXyAEM2AED6AEB-AEBiAIBqAIBuAK78OPGBsACAdICJDg2NTdiNzM2LTFhYTYtNDAzNC1hZmUyLWRiYzA1ZDFiZDJlN9gCAeACAQ&aid=304142&ucfs=1&arphpl=1&checkin=2025-10-06&checkout=2025-10-07&dest_id=-3715887&dest_type=city&group_adults=2&req_adults=2&no_rooms=1&group_children=0&req_children=0&hpos=21&hapos=488&sr_order=popularity&srpvid=7ee339dd707602b5&srepoch=1759479406&all_sr_blocks=1372682902_409443579_2_0_0&highlighted_blocks=1372682902_409443579_2_0_0&matching_block_id=1372682902_409443579_2_0_0&sr_pri_blocks=1372682902_409443579_2_0_0__25000000&from=searchresults
Nhà Tôi Homestay Huế,600000,"Mon, Oct 6","Tue, Oct 7",1.0,0,Hue,,Review score,https://www.booking.com/hotel/vn/nha-toi-homestay-hue.html?label=gen173nr-10CAEoggI46AdIM1gEaPQBiAEBmAEzuAEXyAEM2AED6AEB-AEBiAIBqAIBuAK78OPGBsACAdICJDg2NTdiNzM2LTFhYTYtNDAzNC1hZmUyLWRiYzA1ZDFiZDJlN9gCAeACAQ&aid=304142&ucfs=1&arphpl=1&checkin=2025-10-06&checkout=2025-10-07&dest_id=-3715887&dest_type=city&group_adults=2&req_adults=2&no_rooms=1&group_children=0&req_children=0&hpos=22&hapos=489&sr_order=popularity&srpvid=7ee339dd707602b5&srepoch=1759479406&all_sr_blocks=1394235101_411339129_2_0_0&highlighted_blocks=1394235101_411339129_2_0_0&matching_block_id=1394235101_411339129_2_0_0&sr_pri_blocks=1394235101_411339129_2_0_0__60000000&from=searchresults
Hue Crown Boutique Villa- Hue Ancient Capital,4500000,"Mon, Oct 6","Tue, Oct 7",,0,Hue,,N/A,https://www.booking.com/hotel/vn/hue-crown-boutique-villa-hue-ancient-capital.html?label=gen173nr-10CAEoggI46AdIM1gEaPQBiAEBmAEzuAEXyAEM2AED6AEB-AEBiAIBqAIBuAK78OPGBsACAdICJDg2NTdiNzM2LTFhYTYtNDAzNC1hZmUyLWRiYzA1ZDFiZDJlN9gCAeACAQ&aid=304142&ucfs=1&arphpl=1&checkin=2025-10-06&checkout=2025-10-07&dest_id=-3715887&dest_type=city&group_adults=2&req_adults=2&no_rooms=1&group_children=0&req_children=0&hpos=23&hapos=490&sr_order=popularity&srpvid=7ee339dd707602b5&srepoch=1759479406&all_sr_blocks=1497519001_421442768_7_1_0&highlighted_blocks=1497519001_421442768_7_1_0&matching_block_id=1497519001_421442768_7_1_0&sr_pri_blocks=1497519001_421442768_7_1_0__360000000&from=searchresults
YELLOW GARDEN- Homestay,470000,"Mon, Nov 3","Tue, Nov 4",,0,Hue,,N/A,https://www.booking.com/hotel/vn/yellow-garden-homestay.html?label=gen173nr-10CAEoggI46AdIM1gEaPQBiAEBmAEzuAEXyAEM2AED6AEB-AEBiAIBqAIBuAK78OPGBsACAdICJDg2NTdiNzM2LTFhYTYtNDAzNC1hZmUyLWRiYzA1ZDFiZDJlN9gCAeACAQ&aid=304142&ucfs=1&arphpl=1&checkin=2025-11-03&checkout=2025-11-04&dest_id=-3715887&dest_type=city&group_adults=2&req_adults=2&no_rooms=1&group_children=0&req_children=0&hpos=24&hapos=491&sr_order=popularity&srpvid=7ee339dd707602b5&srepoch=1759479406&all_sr_blocks=1263243902_398977632_2_0_0&highlighted_blocks=1263243902_398977632_2_0_0&matching_block_id=1263243902_398977632_2_0_0&sr_pri_blocks=1263243902_398977632_2_0_0__47000000&from=searchresults
Minh Anh Villa,350000,"Mon, Oct 6","Tue, Oct 7",,0,Hue,,N/A,https://www.booking.com/hotel/vn/minh-anh-villa-hue.html?label=gen173nr-10CAEoggI46AdIM1gEaPQBiAEBmAEzuAEXyAEM2AED6AEB-AEBiAIBqAIBuAK78OPGBsACAdICJDg2NTdiNzM2LTFhYTYtNDAzNC1hZmUyLWRiYzA1ZDFiZDJlN9gCAeACAQ&aid=304142&ucfs=1&arphpl=1&checkin=2025-10-06&checkout=2025-10-07&dest_id=-3715887&dest_type=city&group_adults=2&req_adults=2&no_rooms=1&group_children=0&req_children=0&hpos=25&hapos=492&sr_order=popularity&srpvid=7ee339dd707602b5&srepoch=1759479406&all_sr_blocks=1475873902_419005882_2_0_0&highlighted_blocks=1475873902_419005882_2_0_0&matching_block_id=1475873902_419005882_2_0_0&sr_pri_blocks=1475873902_419005882_2_0_0__35000000&from=searchresults
Chillaxy,573750,"Mon, Nov 3","Tue, Nov 4",8.0,3,Hue,,Very Good,https://www.booking.com/hotel/vn/chillaxy-hue.html?label=gen173nr-10CAEoggI46AdIM1gEaPQBiAEBmAEzuAEXyAEM2AED6AEB-AEBiAIBqAIBuAK78OPGBsACAdICJDg2NTdiNzM2LTFhYTYtNDAzNC1hZmUyLWRiYzA1ZDFiZDJlN9gCAeACAQ&aid=304142&ucfs=1&arphpl=1&checkin=2025-11-03&checkout=2025-11-04&dest_id=-3715887&dest_type=city&group_adults=2&req_adults=2&no_rooms=1&group_children=0&req_children=0&hpos=1&hapos=493&sr_order=popularity&srpvid=7ee339dd707602b5&srepoch=1759479419&all_sr_blocks=1370385501_409251181_2_0_0&highlighted_blocks=1370385501_409251181_2_0_0&matching_block_id=1370385501_409251181_2_0_0&sr_pri_blocks=1370385501_409251181_2_0_0__57375000&from=searchresults
MAYA HOMESTAY villa,1200000,"Mon, Oct 6","Tue, Oct 7",,0,Hue,,N/A,https://www.booking.com/hotel/vn/maya-homestay-villa.html?label=gen173nr-10CAEoggI46AdIM1gEaPQBiAEBmAEzuAEXyAEM2AED6AEB-AEBiAIBqAIBuAK78OPGBsACAdICJDg2NTdiNzM2LTFhYTYtNDAzNC1hZmUyLWRiYzA1ZDFiZDJlN9gCAeACAQ&aid=304142&ucfs=1&arphpl=1&checkin=2025-10-06&checkout=2025-10-07&dest_id=-3715887&dest_type=city&group_adults=2&req_adults=2&no_rooms=1&group_children=0&req_children=0&hpos=2&hapos=494&sr_order=popularity&srpvid=7ee339dd707602b5&srepoch=1759479419&all_sr_blocks=1344900101_406848477_2_1_0&highlighted_blocks=1344900101_406848477_2_1_0&matching_block_id=1344900101_406848477_2_1_0&sr_pri_blocks=1344900101_406848477_2_1_0__120000000&from=searchresults
Homestay ở Huế - Rong's Home,544000,"Mon, Oct 6","Tue, Oct 7",,0,Hue,,N/A,https://www.booking.com/hotel/vn/homestay-o-hue-rongs-home.html?label=gen173nr-10CAEoggI46AdIM1gEaPQBiAEBmAEzuAEXyAEM2AED6AEB-AEBiAIBqAIBuAK78OPGBsACAdICJDg2NTdiNzM2LTFhYTYtNDAzNC1hZmUyLWRiYzA1ZDFiZDJlN9gCAeACAQ&aid=304142&ucfs=1&arphpl=1&checkin=2025-10-06&checkout=2025-10-07&dest_id=-3715887&dest_type=city&group_adults=2&req_adults=2&no_rooms=1&group_children=0&req_children=0&hpos=3&hapos=495&sr_order=popularity&srpvid=7ee339dd707602b5&srepoch=1759479419&all_sr_blocks=1401931703_412029694_2_0_0&highlighted_blocks=1401931703_412029694_2_0_0&matching_block_id=1401931703_412029694_2_0_0&sr_pri_blocks=1401931703_412029694_2_0_0__54400000&from=searchresults
Pao Homestay,450000,"Mon, Oct 6","Tue, Oct 7",9.5,0,Hue,2,Exceptional,https://www.booking.com/hotel/vn/pao-homestay-hue.html?label=gen173nr-10CAEoggI46AdIM1gEaPQBiAEBmAEzuAEXyAEM2AED6AEB-AEBiAIBqAIBuAK78OPGBsACAdICJDg2NTdiNzM2LTFhYTYtNDAzNC1hZmUyLWRiYzA1ZDFiZDJlN9gCAeACAQ&aid=304142&ucfs=1&arphpl=1&checkin=2025-10-06&checkout=2025-10-07&dest_id=-3715887&dest_type=city&group_adults=2&req_adults=2&no_rooms=1&group_children=0&req_children=0&hpos=4&hapos=496&sr_order=popularity&srpvid=7ee339dd707602b5&srepoch=1759479419&all_sr_blocks=1324714401_405221399_2_0_0&highlighted_blocks=1324714401_405221399_2_0_0&matching_block_id=1324714401_405221399_2_0_0&sr_pri_blocks=1324714401_405221399_2_0_0__45000000&from=searchresults
Lucky House,315000,"Mon, Oct 6","Tue, Oct 7",1.0,3,Hue,,Review score,https://www.booking.com/hotel/vn/lucky-house-hue.html?label=gen173nr-10CAEoggI46AdIM1gEaPQBiAEBmAEzuAEXyAEM2AED6AEB-AEBiAIBqAIBuAK78OPGBsACAdICJDg2NTdiNzM2LTFhYTYtNDAzNC1hZmUyLWRiYzA1ZDFiZDJlN9gCAeACAQ&aid=304142&ucfs=1&arphpl=1&checkin=2025-10-06&checkout=2025-10-07&dest_id=-3715887&dest_type=city&group_adults=2&req_adults=2&no_rooms=1&group_children=0&req_children=0&hpos=5&hapos=497&sr_order=popularity&srpvid=7ee339dd707602b5&srepoch=1759479419&all_sr_blocks=1223145701_394444870_2_0_0&highlighted_blocks=1223145701_394444870_2_0_0&matching_block_id=1223145701_394444870_2_0_0&sr_pri_blocks=1223145701_394444870_2_0_0__31500000&from=searchresults
Nhà nghỉ Aka,585000,"Mon, Oct 6","Tue, Oct 7",4.0,0,Hue,,Review score,https://www.booking.com/hotel/vn/aka.html?label=gen173nr-10CAEoggI46AdIM1gEaPQBiAEBmAEzuAEXyAEM2AED6AEB-AEBiAIBqAIBuAK78OPGBsACAdICJDg2NTdiNzM2LTFhYTYtNDAzNC1hZmUyLWRiYzA1ZDFiZDJlN9gCAeACAQ&aid=304142&ucfs=1&arphpl=1&checkin=2025-10-06&checkout=2025-10-07&dest_id=-3715887&dest_type=city&group_adults=2&req_adults=2&no_rooms=1&group_children=0&req_children=0&hpos=6&hapos=498&sr_order=popularity&srpvid=7ee339dd707602b5&srepoch=1759479419&all_sr_blocks=1181892901_391913021_2_0_0&highlighted_blocks=1181892901_391913021_2_0_0&matching_block_id=1181892901_391913021_2_0_0&sr_pri_blocks=1181892901_391913021_2_0_0__58500000&from=searchresults
Homestay Nguyễn hưng,600000,"Mon, Nov 3","Tue, Nov 4",,0,Hue,,N/A,https://www.booking.com/hotel/vn/homestay-nguyen-hung-hue.html?label=gen173nr-10CAEoggI46AdIM1gEaPQBiAEBmAEzuAEXyAEM2AED6AEB-AEBiAIBqAIBuAK78OPGBsACAdICJDg2NTdiNzM2LTFhYTYtNDAzNC1hZmUyLWRiYzA1ZDFiZDJlN9gCAeACAQ&aid=304142&ucfs=1&arphpl=1&checkin=2025-11-03&checkout=2025-11-04&dest_id=-3715887&dest_type=city&group_adults=2&req_adults=2&no_rooms=1&group_children=0&req_children=0&hpos=7&hapos=499&sr_order=popularity&srpvid=7ee339dd707602b5&srepoch=1759479419&all_sr_blocks=1432513001_414819512_2_0_0&highlighted_blocks=1432513001_414819512_2_0_0&matching_block_id=1432513001_414819512_2_0_0&sr_pri_blocks=1432513001_414819512_2_0_0__60000000&from=searchresults
Nice Massage & Spa Hostel,434513,"Mon, Oct 6","Tue, Oct 7",,0,Hue,,N/A,https://www.booking.com/hotel/vn/nice-massage-amp-spa-hostel.html?label=gen173nr-10CAEoggI46AdIM1gEaPQBiAEBmAEzuAEXyAEM2AED6AEB-AEBiAIBqAIBuAK78OPGBsACAdICJDg2NTdiNzM2LTFhYTYtNDAzNC1hZmUyLWRiYzA1ZDFiZDJlN9gCAeACAQ&aid=304142&ucfs=1&arphpl=1&checkin=2025-10-06&checkout=2025-10-07&dest_id=-3715887&dest_type=city&group_adults=2&req_adults=2&no_rooms=1&group_children=0&req_children=0&hpos=8&hapos=500&sr_order=popularity&srpvid=7ee339dd707602b5&srepoch=1759479419&all_sr_blocks=1391827601_0_2_0_0&highlighted_blocks=1391827601_0_2_0_0&matching_block_id=1391827601_0_2_0_0&sr_pri_blocks=1391827601_0_2_0_0__43451336&from=searchresults
The Light Corner Huế,680000,"Mon, Oct 6","Tue, Oct 7",4.0,0,Hue,,Review score,https://www.booking.com/hotel/vn/the-light-corner-hue.html?label=gen173nr-10CAEoggI46AdIM1gEaPQBiAEBmAEzuAEXyAEM2AED6AEB-AEBiAIBqAIBuAK78OPGBsACAdICJDg2NTdiNzM2LTFhYTYtNDAzNC1hZmUyLWRiYzA1ZDFiZDJlN9gCAeACAQ&aid=304142&ucfs=1&arphpl=1&checkin=2025-10-06&checkout=2025-10-07&dest_id=-3715887&dest_type=city&group_adults=2&req_adults=2&no_rooms=1&group_children=0&req_children=0&hpos=9&hapos=501&sr_order=popularity&srpvid=7ee339dd707602b5&srepoch=1759479419&all_sr_blocks=1289190201_401866070_2_2_0&highlighted_blocks=1289190201_401866070_2_2_0&matching_block_id=1289190201_401866070_2_2_0&sr_pri_blocks=1289190201_401866070_2_2_0__68000000&from=searchresults
